Date,Open,High,Low,Close,Volume
2021-01-25,86.41193019683521,87.28306834124676,85.63382684966022,86.86864471435547,380000
2021-01-26,86.78408442880404,87.99353054983905,86.55572390411825,87.62139129638672,382400
2021-01-27,87.17314832773245,88.62786766391349,85.59156273266382,85.92987060546875,524800
2021-01-28,86.03135381213326,87.90049666387422,85.78608079728693,86.92786407470703,486100
2021-01-29,86.42885858631084,87.98506545085282,84.73732601910363,86.39502716064453,549600
2021-02-01,86.98705375297378,88.80545240222278,85.65074158722948,88.71241760253906,541100
2021-02-02,89.03382296475327,89.72735113031098,87.78209235017856,88.17960357666016,656200
2021-02-03,87.39303105154445,88.0611871854649,86.73333438715544,87.73979187011719,738700
2021-02-04,87.72288100288388,88.63631014859811,86.86019576992551,87.6383056640625,1082300
2021-02-05,88.03582128499606,88.26418182599748,84.91494766368943,86.0990219116211,1321200
2021-02-08,85.99751569741751,86.24278869319325,84.91493589032781,86.23432922363281,1370700
2021-02-09,86.65722097492882,87.61293464431674,85.5069782024288,85.54080963134766,769100
2021-02-10,85.30400200756897,87.59602824139233,84.68658967910817,87.46916198730469,821000
2021-02-11,87.90895330525477,89.79500858405525,87.4691512056534,89.65122985839844,851600
2021-02-12,89.6004746075247,91.37658236304789,89.34674216272819,90.1079330444336,1084400
2021-02-16,90.04027638207349,90.27708990538123,88.85620231285017,89.98953247070312,581200
2021-02-17,89.99799851195434,90.70843913375506,88.80546488619377,88.85620880126953,527000
2021-02-18,88.55172709375665,89.4313248008565,87.70596081223965,87.79054260253906,564100
2021-02-19,88.18805333502218,89.03381967408619,87.63831037677865,88.91541290283203,546800
2021-02-22,87.02934350936883,89.2452468297321,87.02934350936883,88.75470733642578,1027900
2021-02-23,89.13531125933308,91.25818651286941,88.04427194064752,90.9959945678711,963900
2021-02-24,91.19052420987347,91.50346007071013,89.63431728099748,90.29401397705078,1066800
2021-02-25,90.70844159306331,91.24973154416374,88.61093819303522,89.19451904296875,652900
2021-02-26,89.41443920170043,89.60896189143973,87.98509169126689,88.08658599853516,626600
2021-03-01,89.65123581738423,90.26864811077985,87.86666824857808,87.9681625366211,771500
2021-03-02,87.57065373523018,88.5263674432256,86.71642786540583,87.77363586425781,689600
2021-03-03,86.73335024739093,88.12885969908356,86.27663559944786,87.3084716796875,798900
2021-03-04,87.56217392539541,87.56217392539541,84.32288782069533,84.94029998779297,1142300
2021-03-05,85.43086543205231,87.16468267153759,84.82191259474969,86.85175323486328,981100
2021-03-08,87.31690834909739,88.72934293117204,86.61492724549186,87.19850158691406,477600
2021-03-09,87.66367867962099,88.9746125789033,86.54726741670966,86.68258666992188,836700
2021-03-10,86.63184232993409,88.4586941817541,86.03980850126203,87.80745697021484,582400
2021-03-11,87.90047412525044,88.8054436259985,87.37609680182611,88.00196838378906,830300
2021-03-12,87.95124221249988,90.30247166736247,87.95124221249988,90.16715240478516,692600
2021-03-15,90.77609648642452,93.52483689961548,90.00644607344243,93.2795639038086,757100
2021-03-16,93.48254326639574,93.77010714890284,91.88404555837472,92.78055572509766,727900
2021-03-17,92.78057154395026,92.91589726530499,91.81639836369722,92.56912994384766,851600
2021-03-18,92.0278402146372,93.71092000197507,91.92635237603007,93.64325714111328,977100
2021-03-19,93.88006116633072,93.92235206324537,90.51390838623047,90.51390838623047,1273700
2021-03-22,90.22635474604452,91.87559655240462,90.22635474604452,91.50346374511719,375900
2021-03-23,91.16515091317982,92.89896796915643,90.5815700970839,92.11241149902344,494400
2021-03-24,92.8313111211002,93.58404261372078,91.97708534926562,92.7044448852539,776400
2021-03-25,92.23928186422141,93.92236165245166,91.1482424298174,93.11042022705078,569700
2021-03-26,93.83776955817314,95.75766269629217,93.55867157978054,95.61388397216797,530500
2021-03-29,95.33478180405213,95.61388624175468,93.26265042276692,94.12533569335938,495200
2021-03-30,93.92934647365828,94.88371829809218,93.81004349443359,94.65364837646484,691600
2021-03-31,94.73033793908752,95.25013253217402,93.6140609446742,93.65666961669922,807400
2021-04-01,93.98898638858776,94.85814729474465,93.43510621743557,94.80702209472656,649400
2021-04-05,95.28421630429892,95.61654313584269,93.07722496142257,94.40653228759766,790800
2021-04-06,94.20202678571678,94.90928263246853,93.52885007517065,94.84111785888672,972700
2021-04-07,95.00301756402054,96.37493360307374,94.78147067037305,96.26416015625,647700
2021-04-08,96.00851598319086,96.71577830109204,95.06266071495439,95.1137924194336,507300
2021-04-09,95.34385269084706,96.03406887037859,95.15638496278426,95.71878814697266,524200
2021-04-12,96.00852071058907,96.05965241758597,94.93485238121362,95.62506866455078,544400
2021-04-13,95.34386440265011,97.04810722904645,95.07118581047351,96.877685546875,540800
2021-04-14,97.0907160357175,97.49121414066703,96.66465532852362,96.77542877197266,676900
2021-04-15,97.21001274162175,98.14734499941251,96.77542899893704,98.104736328125,430200
2021-04-16,98.56487685393066,99.11023400812681,97.96839449814428,98.88868713378906,513700
2021-04-19,99.19545540092143,99.82602341726984,98.65009172325996,99.80046081542969,699500
2021-04-20,99.80044591926281,102.0500455618071,99.80044591926281,101.8199691772461,761700
2021-04-21,102.05006883442442,103.30268843265053,101.80295282854838,102.80845642089844,682900
2021-04-22,103.01295681154322,103.46458011899239,101.78589989985463,102.05857849121094,991800
2021-04-23,102.25457190072957,102.55281310187257,101.07012362963977,101.15533447265625,852000
2021-04-26,101.18940498455464,102.84252239688712,101.18940498455464,101.7518081665039,717900
2021-04-27,102.17787258296765,102.55280155024202,101.53025854688303,101.92223358154297,632700
2021-04-28,102.24604051899114,102.4761169276405,100.79743680245906,101.20645141601562,589700
2021-04-29,101.40244251198936,102.4079459834996,101.30018560769051,102.29717254638672,515300
2021-04-30,101.56435208770438,102.876619828255,100.68666808294198,102.66358947753906,1015100
2021-05-03,103.41346438290218,103.46458959184658,101.90520570733234,102.24605560302734,528300
2021-05-04,102.16083506520391,103.30268113231097,101.19794021477209,101.6666030883789,450100
2021-05-05,101.44504268905206,101.44504268905206,99.75783966578739,100.56735229492188,506000
2021-05-06,101.21497645038656,103.40492813638096,101.21497645038656,103.07260131835938,489000
2021-05-07,102.84251802132496,104.64049441875223,102.84251802132496,104.54676055908203,534800
2021-05-10,105.08360903596869,106.25101767492664,104.94727299485031,105.04100036621094,749700
2021-05-11,104.47860367805794,104.8620557013651,103.72021616446271,104.45304107666016,866300
2021-05-12,104.58086949777865,104.91319634661298,101.78590565196487,101.97337341308594,791200
2021-05-13,102.08415194549102,104.98135966419616,101.78590423812074,103.95881652832031,745200
2021-05-14,104.17183372474514,105.12621196513943,103.89915515622819,104.18887329101562,453400
2021-05-17,104.74278179782134,105.484129903957,103.83953501422303,104.89616394042969,452000
2021-05-18,104.54675816988009,105.04950658646786,104.11217451235613,104.41041564941406,369400
2021-05-19,103.74577681558667,103.91619848914833,102.36533785552477,103.7713394165039,723300
2021-05-20,102.99592555574485,105.33073658897855,102.80845779008905,104.87059020996094,1024600
2021-05-21,104.8194561407958,105.26255641211273,104.180365085269,104.73424530029297,715000
2021-05-24,105.33070644876925,106.55776310836262,105.24549562544617,106.19986724853516,527400
2021-05-25,106.20838698153375,107.33318671749267,105.28809451543039,106.77079010009766,897900
2021-05-26,106.77080572830126,107.98081646204702,106.63446319432829,107.16278076171875,654700
2021-05-27,107.26504153808888,107.87856999798164,105.95277377691167,106.15728759765625,903600
2021-05-28,106.540740430733,107.21391713474794,105.84200112422656,106.83898162841797,674900
2021-06-01,107.12870298412683,108.85850837844639,106.60890841228485,108.84146881103516,865400
2021-06-02,109.3868147474877,110.75873065624113,109.0715340052526,110.69055938720703,2093500
2021-06-03,110.40937030698636,110.72465104786887,109.36125167771637,110.05146789550781,1008500
2021-06-04,110.48606162203939,110.48606162203939,109.45498902775039,110.07703399658203,1130100
2021-06-07,110.62239512559582,111.56823730104348,110.20485100126734,110.74169158935547,1000100
2021-06-08,111.20182496413265,112.67599111035868,110.80984346162089,112.50556945800781,1557900
2021-06-09,112.99130971308325,114.2013206143954,112.40334383094857,113.18729400634766,1490500
2021-06-10,113.12764438868594,115.38577413973152,113.11912785462478,115.07048034667969,792900
2021-06-11,115.38576821811677,115.58175251020202,114.43138335622137,115.25794219970703,891500
2021-06-14,114.35468314229945,115.25792969744916,114.14165280373246,115.19828796386719,831600
2021-06-15,114.84040572631076,115.19829515717015,114.22687727274017,114.5592041015625,507100
2021-06-16,115.05343765931967,115.4113270950974,113.86898940674301,113.90306854248047,447100
2021-06-17,113.64741976312655,114.86596004920752,113.21284255747887,114.61032104492188,517500
2021-06-18,114.52512391078668,115.21535324481135,112.91461480274675,112.99983215332031,1271900
2021-06-21,113.63040046823352,115.60731546944663,113.12763893135312,115.41133117675781,828100
2021-06-22,115.56469767958679,115.6499150187329,114.63588849366002,115.01934051513672,512000
2021-06-23,114.70404157637759,115.89700612121743,114.34615221292563,115.28347778320312,638600
2021-06-24,115.57322721490564,115.86294536425778,114.24391993920489,115.01934051513672,519700
2021-06-25,114.55918525783588,115.53060298247831,114.43135926633583,115.22383880615234,726200
2021-06-28,115.26648987310284,115.36022376708266,113.56224671153787,114.84894561767578,444000
2021-06-29,114.80606529308608,115.65489755947569,114.60029728880477,114.84893798828125,319900
2021-06-30,114.99467907944153,115.61200917432572,113.58854121507372,113.75144958496094,513000
2021-07-01,113.67427516348891,115.36335690841135,113.39990044539283,114.45451354980469,546300
2021-07-02,114.84034098890064,115.96353468444612,113.88005564606601,115.08898162841797,536600
2021-07-06,115.0632838266283,117.5240351379992,113.88007860011811,117.30968475341797,544300
2021-07-07,117.07814349321706,118.44140834302222,116.34934719637779,117.77263641357422,617100
2021-07-08,116.82095312090756,119.16165552756532,116.70948674057341,119.03305053710938,448900
2021-07-09,119.93331646148002,121.06507954829468,119.1102053305086,121.04792785644531,779700
2021-07-12,120.8164311903299,122.21398653866413,120.6535228354114,121.87960052490234,475400
2021-07-13,121.58807745320114,122.64267739933916,120.21624320947905,120.81642150878906,338600
2021-07-14,120.94505600416193,122.1111225916531,120.39631955610189,121.7338638305664,437900
2021-07-15,121.72527985557225,122.73700724482336,120.91075112842975,122.64269256591797,538500
2021-07-16,123.31148588433035,123.93738529517606,122.63413139556285,123.48296356201172,818600
2021-07-19,122.88277860065936,123.5944102709712,121.24513873781396,122.53981018066406,604000
2021-07-20,123.26003052705308,126.76681247979423,122.54838573752545,125.85795593261719,754300
2021-07-21,125.60932784718698,126.45816009675258,125.25779006962763,125.5235824584961,499900
2021-07-22,125.43785212989503,125.82368021926655,124.65761356240193,125.13775634765625,335700
2021-07-23,125.00910619508478,126.4238130394573,125.00910619508478,126.23518371582031,328800
2021-07-26,126.08086296581881,126.69819294445703,124.97480796954802,125.45496368408203,318200
2021-07-27,125.2749412895146,126.83540531108503,124.4518300430916,125.90084075927734,555500
2021-07-28,125.74650095851156,126.55246042222207,124.93197219006873,125.24920654296875,695800
2021-07-29,125.1720365953303,127.82140381317038,125.06057022546473,127.53845977783203,713100
2021-07-30,130.0249420648232,130.8652050179967,126.08947202240853,128.08721923828125,704600
2021-08-02,128.82454008146152,129.87913997432264,128.21577942676143,128.71307373046875,458900
2021-08-03,128.61018415447157,129.0989091340527,126.23517909053906,127.21261596679688,724500
2021-08-04,127.71853660291636,127.75282690735114,126.28666454676669,126.88685607910156,588600
2021-08-05,127.46986727632827,128.1643603318186,126.1408924615109,127.81283569335938,506700
2021-08-06,128.3958388454296,128.60161985793252,126.55243136728826,126.78392028808594,560700
2021-08-09,126.29521510613942,126.29521510613942,124.80333212248597,125.2320327758789,697700
2021-08-10,125.37782997408975,125.66935645568218,122.38550681877767,122.72846221923828,1023300
2021-08-11,123.13141273335141,124.10028047950375,122.73700234198198,123.71443939208984,527200
2021-08-12,124.08313949599165,124.53756122007599,123.0885506692415,124.34036254882812,263400
2021-08-13,124.48610240715709,125.3435037454992,123.89449339043604,125.18059539794922,337400
2021-08-16,125.07769551145937,126.4238086382924,124.22886358464308,125.93509674072266,304600
2021-08-17,125.8236596021812,126.1066036434672,124.22032311780136,125.75506591796875,446200
2021-08-18,125.39496612548828,126.02944792889329,124.63187933357942,125.39496612548828,479900
2021-08-19,124.88908351652046,126.14946454498488,124.45180045588609,126.00370788574219,292300
2021-08-20,125.49787101976655,126.56962304550865,124.67477279042647,125.78081512451172,546700
2021-08-23,125.926554059959,126.42384849967696,123.89451669243392,123.9716796875,706900
2021-08-24,124.04881608862625,124.44322645036797,121.49376383078726,122.1796875,923900
2021-08-25,122.03394603883365,124.73475528664437,121.57952433152464,123.65443420410156,668000
2021-08-26,123.86876350768826,125.66931142215593,123.67156487723493,124.93194580078125,503000
2021-08-27,125.5750120368496,126.67248475806407,125.03484498020721,125.83222198486328,509400
2021-08-30,126.3895412623107,127.77852731903612,125.33492813940516,127.57274627685547,909900
2021-08-31,127.48700156677359,128.85026649576372,127.20405756743318,128.6444854736328,1113300
2021-09-01,129.4161699249432,131.18241472271595,129.20181957408911,130.7622833251953,1585100
2021-09-02,131.06233741184758,131.49103797736024,129.95629570930222,131.182373046875,1063800
2021-09-03,130.8394327143359,131.90260186471517,129.93915880774694,131.5596466064453,608600
2021-09-07,131.55965111779548,131.55965111779548,127.99285874469933,129.01316833496094,723000
2021-09-08,128.28438799125303,132.0826828397299,127.77852432601165,131.3024444580078,871500
2021-09-09,130.88231685399458,131.17384326938927,128.91030412477176,129.05606079101562,945000
2021-09-10,129.01321401514699,130.2478743570645,128.44732584461653,128.4644775390625,1106200
2021-09-13,128.87598640465805,129.9391687190375,128.63591508897647,128.944580078125,404400
2021-09-14,129.4590201338125,130.23067602974234,128.66163016397377,129.5790557861328,564200
2021-09-15,129.76770120247338,130.9680578745439,129.24468584901982,129.56192016601562,573900
2021-09-16,129.26183408213967,129.93918853410295,128.11291931290202,129.081787109375,405400
2021-09-17,129.51903817059952,129.58763184448776,127.17833628687578,127.19548797607422,1308600
2021-09-20,126.02944256627687,128.2501091593415,125.28349441597013,127.48702239990234,698500
2021-09-21,128.37013898446534,130.15353547099642,128.3358356019492,128.7388153076172,837500
2021-09-22,129.5276401178482,130.23070248629384,129.0817877116951,129.25326538085938,976400
2021-09-23,130.23927065603257,130.9852187889047,129.17610126673256,129.55335998535156,433100
2021-09-24,129.28751972850213,130.34213261225904,128.36153795593614,128.3958282470703,399200
2021-09-27,129.6133467699857,129.85341807590459,126.1837417335384,126.23518371582031,557100
2021-09-28,125.31780288189584,127.45272418424216,124.67475177484536,126.9640121459961,739100
2021-09-29,127.67967899402112,129.9559774168108,127.63656464017039,129.4127655029297,797300
2021-09-30,130.01629740601396,130.2491043385175,127.11918978554407,127.1536865234375,529900
2021-10-01,128.08491872992508,129.80075671179614,126.51564585600124,128.9385223388672,327600
2021-10-04,128.63672241427702,130.67159565272038,128.25733726118,130.48190307617188,492900
2021-10-05,131.22342396726114,131.22342396726114,129.50757318641118,130.54225158691406,747700
2021-10-06,129.9473268713585,131.79250760125603,126.92087629730142,131.7580108642578,545100
2021-10-07,131.7580378268137,132.73236691831838,130.85268906677118,131.14585876464844,423700
2021-10-08,130.89578838642643,131.34415391111338,129.8093778931307,130.03355407714844,298900
2021-10-11,129.76627156300012,130.87854810175597,128.93852078603004,130.25775146484375,231700
2021-10-12,131.36997094090034,133.37897771178314,130.22319815803698,132.94786071777344,903900
2021-10-13,133.16346851645403,135.29318830788884,132.439194855962,135.1552276611328,680800
2021-10-14,135.90537429363764,136.94868364803568,135.29319527170622,136.6468963623047,494200
2021-10-15,136.77627264714388,137.46604977074867,134.6465522285431,135.29322814941406,398300
2021-10-18,134.99140568222782,137.12974315391259,134.45682460346958,137.03489685058594,629600
2021-10-19,137.46603331501143,137.46603331501143,134.42234673099713,134.50857543945312,415800
2021-10-20,134.63785041433073,136.22437116871913,134.58611847302484,136.20712280273438,328100
2021-10-21,136.0088629717128,136.59517606567366,135.4139191132416,136.517578125,244900
2021-10-22,136.93145620438435,137.8023214528814,136.37100905283316,137.13839721679688,324600
2021-10-25,137.44877175297782,137.44877175297782,135.63807447569906,136.14678955078125,332600
2021-10-26,136.31923982477568,137.89711692022286,134.91379379088883,137.336669921875,428400
2021-10-27,137.6557170080503,137.75056331853048,136.6296691213227,137.4746551513672,580400
2021-10-28,137.99195161427113,140.53555295650787,137.99195161427113,140.4148406982422,545500
2021-10-29,140.4148582992903,141.61336342682173,138.04371402019464,140.6304168701172,783200
2021-11-01,140.82009783959268,141.096005946015,135.87948633132333,139.28530883789062,534800
2021-11-02,139.63885838705025,140.37176288938795,137.96612154672394,139.31121826171875,524500
2021-11-03,139.9751302045127,141.57888672470222,139.56126137381463,140.82012939453125,749100
2021-11-04,140.82011193848209,140.82011193848209,137.70744559480192,138.40585327148438,532500
2021-11-05,138.58692441791308,139.55263584358786,137.91438267246488,139.1473846435547,275500
2021-11-08,139.4836203468062,139.9492209929304,137.86261595539443,139.56121826171875,326500
2021-11-09,139.98375066290131,140.63904402631678,139.10426795034616,140.50108337402344,279000
2021-11-10,140.1993136112577,142.21693887639003,140.1993136112577,141.9237823486328,554400
2021-11-11,142.10482209464055,143.46715376406132,140.88906866629887,143.4499053955078,595800
2021-11-12,143.71721716173283,144.26905978387106,142.27728735580308,142.82911682128906,460600
2021-11-15,142.52730089055737,144.81221601741376,141.97547158690253,144.7949676513672,359300
2021-11-16,144.79498145448088,144.79498145448088,141.82890688748935,142.32037353515625,474100
2021-11-17,142.15656559209566,143.60512606531114,138.4144718676537,143.56201171875,602400
2021-11-18,144.05345740030413,144.05345740030413,142.12204827993605,142.92391967773438,555300
2021-11-19,142.62216197749726,143.68270635813252,141.7340618052877,143.346435546875,525200
2021-11-22,143.33783786187155,144.57944422908045,142.05310399075032,143.53614807128906,485200
2021-11-23,143.21712202171489,145.63999829168344,142.63079585818423,144.49322509765625,563800
2021-11-24,144.17418755436486,147.58862764666807,144.15693918636137,147.1747589111328,469400
2021-11-26,145.527931030594,146.92474664493847,143.24301497544366,143.9759063720703,612300
2021-11-29,144.86397007454056,147.92490426100912,144.45010132277832,145.5882568359375,838600
2021-11-30,145.04505811112796,146.42463828339362,142.44973754882812,142.44973754882812,1537100
2021-12-01,143.46718115901947,145.0795552754215,140.09584150049443,140.1562042236328,674600
2021-12-02,141.12191203489385,146.07114255574936,140.18207963411766,145.08819580078125,692100
2021-12-03,145.77796492855498,146.70916642991372,142.90672302218536,144.23455810546875,737200
2021-12-06,145.21752320191038,148.20947776939968,145.21752320191038,146.44189453125,732000
2021-12-07,148.43365253739063,148.75268822446688,146.43327549214624,147.73524475097656,694800
2021-12-08,147.73520268401924,149.97701683653668,147.16612496207486,149.7010955810547,480100
2021-12-09,149.5804044576315,150.6668281087985,147.98527887766707,147.993896484375,1356800
2021-12-10,148.34739579784534,150.54609562519164,147.62312223204765,149.76145935058594,607100
2021-12-13,149.33032623647182,152.6757987624943,148.56293841192678,151.5376434326172,648000
2021-12-14,151.2704107436484,151.6670312143502,148.3388057830172,149.57180786132812,630800
2021-12-15,149.78840232652698,153.73909207912072,149.78840232652698,153.25392150878906,834900
2021-12-16,153.089267250663,153.43582701032335,150.22155299147698,151.17457580566406,472200
2021-12-17,150.94063328414384,152.43080703964478,147.91696415538524,148.67938232421875,1696000
2021-12-20,147.31921048756163,149.58913447778778,146.70408825311753,148.9739990234375,416700
2021-12-21,149.97899264199253,150.80205072533826,148.48881847808218,149.45050048828125,668000
2021-12-22,149.06928617507262,151.37385930514424,149.06928617507262,151.1486053466797,960700
2021-12-23,152.05828967872495,152.05828967872495,149.1212631541085,150.30821228027344,372300
2021-12-27,150.19554489319006,153.03726848670092,149.79700452170553,152.96795654296875,274700
2021-12-28,152.968003209122,153.6957590104748,152.56947593595976,153.16726684570312,414700
2021-12-29,153.49648969610718,154.2848983950292,151.8070519269208,153.9210205078125,630100
2021-12-30,154.0856425732234,155.13395465905657,153.45317584253118,154.3715362548828,394700
2021-12-31,154.36285391574256,156.26888641855805,154.36285391574256,154.80470275878906,434700
2022-01-03,154.90869351249714,155.3852049930424,151.23523881327253,152.87269592285156,525900
2022-01-04,152.76872983837458,155.35920982849044,152.63010591745297,152.76007080078125,809800
2022-01-05,152.76007772212387,153.22791695155055,149.47649119852997,149.77105712890625,537100
2022-01-06,149.54580852475482,151.0879634154435,147.8476984053946,148.1162872314453,331400
2022-01-07,147.31051924892205,147.49246477787364,144.3648339585022,144.590087890625,934200
2022-01-10,143.75840857067757,145.75108495845075,142.76207698674497,143.37721252441406,1004300
2022-01-11,143.55912447151084,143.7670603743567,140.94265387863487,143.52447509765625,1478800
2022-01-12,143.52442083893396,147.13722150817713,143.52442083893396,146.19287109375,811400
2022-01-13,146.5394400775318,147.47513160039193,146.01960704708623,146.14089965820312,582300
2022-01-14,146.13227266065604,146.13227266065604,142.0343000938446,143.4638214111328,548700
2022-01-18,142.83131648099055,143.36846750896476,140.3708020187782,142.6667022705078,780500
2022-01-19,143.2125786468358,144.4774857080814,140.72605971702018,140.78671264648438,539800
2022-01-20,140.8300070261894,142.08625480579653,137.27784536808306,137.3211669921875,656500
2022-01-21,138.05761406103082,139.09726708399472,136.45480628652848,136.61074829101562,693100
2022-01-24,135.8136769472765,137.06993808759415,131.94963089028852,136.87933349609375,846200
2022-01-25,135.41516389135796,136.18624137606244,132.72072221426137,134.9473114013672,844700
2022-01-26,135.10326806492117,137.17391525717062,133.04995217023756,133.82102966308594,979300
2022-01-27,134.63538415485402,135.70104057804082,130.21685613983115,130.39878845214844,1504800
2022-01-28,130.74538294391996,137.20856905407612,129.65373590050342,137.17391967773438,1615400
2022-01-31,136.69736529193995,138.91529484017798,135.97826867405132,138.69869995117188,1073700
2022-02-01,139.68639420249082,140.47480289590746,136.81002049604692,138.18756103515625,784500
2022-02-02,138.5774005498885,142.52808901653623,138.5774005498885,141.32382202148438,816300
2022-02-03,140.15424945922666,144.12227011942412,139.83367997682882,143.1345977783203,1155400
2022-02-04,141.21991729009642,145.75108025985486,140.35353742942098,144.02699279785156,992900
2022-02-07,143.89694867238504,145.4391029178479,140.35346016566982,140.5267333984375,1083200
2022-02-08,140.47477799488954,141.54909338295155,139.20985805056003,140.53543090820312,1046500
2022-02-09,142.5541216039513,145.5171520522179,142.04296071219605,145.41317749023438,773100
2022-02-10,143.19522499388935,146.05428043294452,141.67040159568185,142.22488403320312,2085900
2022-02-11,143.28187356901307,145.0406232355557,142.5714358964684,143.7670440673828,1224300
2022-02-14,144.00963439085666,144.96265734616674,139.85100919844785,140.37950134277344,1122600
2022-02-15,141.06395203015938,142.20756638356733,140.55277794941185,140.8993377685547,693300
2022-02-16,140.93398569897906,142.44149115204388,139.71238713631817,141.8870086669922,658700
2022-02-17,141.66174944053662,141.86968534157745,139.799038249205,140.20623779296875,538700
2022-02-18,139.8943240555383,141.44513782239542,139.12324669080522,140.26686096191406,551000
2022-02-22,139.39186118634873,142.45018116707084,138.3695392528079,141.58380126953125,772500
2022-02-23,142.0169598702027,143.31652942965175,139.49579175209433,140.4574737548828,1190300
2022-02-24,137.93633010713236,141.6011128621146,137.49446796014092,141.1679229736328,561300
2022-02-25,141.36715938825685,145.6384177402375,140.9339695832233,145.62974548339844,720500
2022-02-28,143.49844892347372,145.1012431570953,141.65305625383468,143.0479278564453,951000
2022-03-01,142.89199443471196,144.50346117008849,140.99463403813579,141.91299438476562,973500
2022-03-02,142.606092568673,145.0752665853942,141.0119440003035,144.78070068359375,877600
2022-03-03,145.5517744912693,146.70406095904696,143.94030788774836,145.62974548339844,550700
2022-03-04,144.06162578767913,149.56314256510194,143.76705984133585,149.33787536621094,587300
2022-03-07,148.8527092663048,150.62013143703427,147.24124233177216,147.4405059814453,760100
2022-03-08,147.3365022080934,147.74370164879713,143.9576272957676,145.08392333984375,792800
2022-03-09,147.1892671902112,148.33289489893735,146.01099010542077,146.40953063964844,973300
2022-03-10,146.09761739061477,146.75606122305047,145.27454607518834,146.34886169433594,888900
2022-03-11,147.34521286537466,148.29822267419544,143.48115329969852,143.96632385253906,371400
2022-03-14,144.7287271829215,145.44782389871634,141.3931601501232,142.59742736816406,797600
2022-03-15,144.17423069416398,144.3301726747557,141.47978964141186,143.6024169921875,525200
2022-03-16,144.72874145922313,145.69908255943133,141.12459848715562,144.39085388183594,762700
2022-03-17,144.09627590141963,145.89833401703874,144.09627590141963,145.35252380371094,882500
2022-03-18,143.8450337861649,145.65576435321424,142.63210738237737,142.73606872558594,1593500
2022-03-21,143.1952464892894,143.76706030691767,142.01696948019452,142.9006805419922,1836600
2022-03-22,142.90067618652762,144.00098215602048,140.41417056734755,140.93399047851562,1148500
2022-03-23,141.65308724787516,142.3461936826716,139.83368450902276,140.93399047851562,708800
2022-03-24,141.02063227501415,142.07761660261704,140.3535161817127,141.92166137695312,640500
2022-03-25,142.3981811402518,143.10860568535412,141.91301057873682,142.73606872558594,770700
2022-03-28,143.83636439139767,148.04697034696503,142.77938007852524,146.27088928222656,2579300
2022-03-29,147.28457236070733,148.65345409021336,146.1062952530254,148.43685913085938,902900
2022-03-30,147.04298242227904,147.9141417816672,144.6908548104984,147.75733947753906,1673500
2022-03-31,148.68945664685074,148.73301726857326,144.75182634844043,144.7866668701172,1645700
2022-04-01,145.22224787402328,149.9352227222601,144.91735010475517,149.49093627929688,22117100
2022-04-04,149.8132597479746,152.06955905227443,145.6403994279096,147.2172088623047,1538800
2022-04-05,147.23464060647115,151.2768195589206,147.13881254388312,148.01869201660156,1232500
2022-04-06,148.7069114772399,153.05400180183952,147.33047798793078,152.63584899902344,1080800
2022-04-07,152.08700411074994,152.08700411074994,149.7610101925631,150.37081909179688,1265500
2022-04-08,147.87059246512655,148.0448216761005,145.48361106698945,146.5377197265625,2070500
2022-04-11,146.40705406763496,147.69636632307598,143.69774766441805,144.38597106933594,1174600
2022-04-12,144.27267391549805,145.4835846572794,143.47991586271408,143.93292236328125,903000
2022-04-13,144.2727134861155,144.8215481797806,142.56523515740065,143.7848663330078,591300
2022-04-14,144.2465819745359,144.92608527574183,143.00953716226772,143.41026306152344,675500
2022-04-18,143.11406845500886,144.0723491341496,141.34561589582555,142.0686798095703,737500
2022-04-19,142.99211064145936,144.69958900096626,142.66978590080868,144.38597106933594,770000
2022-04-20,144.83023807159526,147.61794525861657,144.39465840822203,147.25205993652344,770800
2022-04-21,148.1406457964317,150.13559480077808,147.13880459750996,148.6459197998047,1241500
2022-04-22,148.65461787527894,148.65461787527894,145.4574649371699,145.54458618164062,919500
2022-04-25,145.2483428283451,145.3615977571041,141.08420368598618,143.0443115234375,874100
2022-04-26,142.87885734603248,144.32498523077265,141.76377430770808,141.93800354003906,986600
2022-04-27,142.07737395882722,143.9155207029671,140.77935504609326,140.87518310546875,1087900
2022-04-28,141.21495180738785,142.1470855042703,139.0718937169226,141.2584991455078,1187900
2022-04-29,140.1607994270104,143.21856335223166,136.59776158409286,136.67616271972656,1363700
2022-05-02,137.32955721406532,138.1397423089309,128.59183013621998,130.98751831054688,872600
2022-05-03,131.73669060511213,133.63581121305117,130.32541700498004,132.94760131835938,943900
2022-05-04,132.66012946169266,133.30479209179805,129.10579812829076,133.1044158935547,1126800
2022-05-05,133.10444961915394,133.67941805983693,130.08153848660476,131.15306091308594,978100
2022-05-06,130.36899296247032,130.91782761321224,128.06042597462044,129.63722229003906,707000
2022-05-09,128.75734433199563,129.34972626224592,124.38412102136421,124.89810180664062,851200
2022-05-10,125.56890460488053,126.70141438622824,122.69407617310137,123.3213119506836,766400
2022-05-11,123.69589930614343,126.94531939260318,123.52165683228053,125.01134490966797,751200
2022-05-12,125.36853832432459,126.35293929632437,123.85271635362645,125.63859558105469,786000
2022-05-13,125.51663971581453,127.25025159354654,123.76561422206753,127.18055725097656,792300
2022-05-16,127.17182513282879,127.97329005739286,125.35981227574833,125.6298828125,566500
2022-05-17,126.02189369426583,126.92789341796214,123.81786197063961,124.72386169433594,1136900
2022-05-18,124.56705262598261,124.78484241519962,120.0980018975427,120.42904663085938,909300
2022-05-19,119.5840357923197,121.42218236955208,119.47078083438606,120.21997833251953,664200
2022-05-20,121.4657368652177,121.4657368652177,119.09619575869847,120.77752685546875,1789500
2022-05-23,121.65739481114154,123.26033807686248,119.61888517435342,122.69407653808594,616600
2022-05-24,122.48498460923943,123.29515625671367,120.22867225656785,123.03380584716797,842500
2022-05-25,122.94670948365702,123.69590697206111,121.50058193511313,123.35615539550781,856900
2022-05-26,124.00955558823432,125.1507723644721,123.12096920887022,123.61752319335938,553600
2022-05-27,124.00951948497993,126.5968634151331,123.46068492620965,126.3006591796875,538000
2022-05-31,125.34237603027553,126.10898700201497,124.04434418100323,125.00262451171875,1665000
2022-06-01,125.27270452928869,125.75184478193712,122.54597178562754,125.0636215209961,917200
2022-06-02,124.82839918792418,126.08287059562744,122.59823370437832,126.02189636230469,1088200
2022-06-03,125.22043710042439,126.161290698488,123.8701375858099,125.0636215209961,616300
2022-06-06,125.7257095102495,125.7257095102495,121.65738410956358,121.82290649414062,869700
2022-06-07,121.49190508927946,124.4102813273684,120.92564346015398,124.25347900390625,738100
2022-06-08,123.7046145464129,124.04436612507344,121.23052544576512,121.40475463867188,509900
2022-06-09,120.89949684200994,121.35250343841584,117.36259191095876,117.52811431884766,855000
2022-06-10,116.56110890070505,117.24061204407099,115.4895867581411,116.02970123291016,726500
2022-06-13,113.85182003847696,114.3745076840692,109.6266917825452,110.20166015625,721100
2022-06-14,110.5326929488538,111.13379501096676,109.04301129817308,109.76607513427734,746400
2022-06-15,110.59367333615916,113.41623432656579,109.26951409034302,111.98753356933594,1572300
2022-06-16,109.7138086839709,112.004961986791,109.7138086839709,111.14250946044922,1366000
2022-06-17,111.83071494399206,113.5817536421633,110.985696007066,112.01366424560547,2945300
2022-06-21,112.45793821968947,115.36760676470472,112.45793821968947,113.5730209350586,1303000
2022-06-22,112.93709307908944,116.59595954398233,112.93709307908944,114.89720153808594,792000
2022-06-23,115.43732932016523,117.42357172335008,115.43732932016523,117.26676940917969,535700
2022-06-24,117.47581207012148,118.02463327388986,116.27360823674023,117.70230865478516,1216100
2022-06-27,117.38001066604902,120.1241571859635,116.66565364854156,118.08564758300781,824700
2022-06-28,118.93069346500452,120.17644511500538,117.16224082070885,117.41487121582031,514600
2022-06-29,116.83583320625522,117.99384615147972,116.20420560163579,117.48502349853516,549600
2022-06-30,117.01132078194509,119.45015206871497,115.9849073312856,117.976318359375,769900
2022-07-01,117.94123333073006,119.69578898662024,117.10782207142168,119.36241912841797,447300
2022-07-05,118.73953932502427,119.53785184019867,114.96724262433975,117.47625732421875,701100
2022-07-06,118.38860455191443,119.02024546871571,117.10778680509587,118.19560241699219,457600
2022-07-07,118.53776630912833,119.39750814953463,117.15166584594283,117.69558715820312,435600
2022-07-08,117.46746860218225,117.94997397304442,116.13401625059218,116.44983673095703,411800
2022-07-11,116.26561835507552,117.12534679616157,115.24797295922899,116.49370574951172,386300
2022-07-12,115.93224407838197,117.66926358308719,115.54625313019855,116.29193115234375,696800
2022-07-13,115.70415815018654,116.60775313241245,114.33560704647336,116.10771179199219,489300
2022-07-14,113.91450846224302,115.35324327601923,113.91450846224302,114.48473358154297,766100
2022-07-15,116.08141637997886,116.72182548905965,114.87076861289064,115.87086486816406,487700
2022-07-18,116.36210480511679,116.80951157929917,114.52859776326649,115.04618835449219,431300
2022-07-19,115.94979034999567,117.57275942634124,115.12514718195824,117.40607452392578,507500
2022-07-20,117.46746478646435,118.63424559585056,116.66915234736328,117.49378204345703,489700
2022-07-21,117.46749289803952,118.16054986122164,116.81831588860467,118.06404876708984,394400
2022-07-22,118.7307490105878,119.82734602757533,117.9324231695343,119.16938781738281,436600
2022-07-25,119.21326972841408,120.34495210576576,118.70444704065886,119.17818450927734,422100
2022-07-26,119.22203973015702,120.10809881634735,118.04649076908828,118.4324951171875,540500
2022-07-27,118.39740365570032,119.26590000694164,117.63416295812438,119.14308166503906,742900
2022-07-28,120.06426135870998,124.24888094877885,119.90634436611532,123.9856948852539,862700
2022-07-29,122.95047281820857,124.77521216696518,121.68720408709673,123.78389739990234,1062800
2022-08-01,123.24876200426533,123.52948393730928,120.81869876860016,121.87142944335938,1075500
2022-08-02,122.01177445111044,122.62586611519555,120.11685155662414,120.24845123291016,1063500
2022-08-03,120.39758007995441,121.4152119007833,119.3097510600828,119.57293701171875,1400400
2022-08-04,119.50278498692359,120.98538663552827,117.32713975464658,120.28356170654297,992800
2022-08-05,119.5553853995114,120.56424924404322,118.51142295613708,120.43266296386719,765700
2022-08-08,121.38013807353809,122.73113978558303,120.73972912723201,121.05554962158203,886100
2022-08-09,121.41522718530294,123.92424191918842,121.01168694336202,123.61720275878906,828200
2022-08-10,124.93310078558635,125.9068794146084,124.15232429105107,125.75774383544922,508700
2022-08-11,126.13498027764035,127.37194498498167,125.59107241463695,125.76652526855469,528000
2022-08-12,126.50345569187965,127.84568965083656,126.50345569187965,127.83692169189453,458500
2022-08-15,127.93342650076188,128.5913848678387,127.11755116476405,128.28433227539062,426600
2022-08-16,127.7754730882588,129.59144408882193,127.69652131941521,128.7053985595703,457300
2022-08-17,128.0036272334537,128.85458790478924,127.22285040354987,128.5738525390625,595900
2022-08-18,128.31066717664638,129.10022535738887,126.05606982303743,126.17012023925781,671200
2022-08-19,125.8191555444902,125.93320591947946,124.56465496438517,124.83660888671875,688500
2022-08-22,123.97688020635543,124.18741826887863,122.02932281085064,122.1170425415039,527900
2022-08-23,121.60824218154073,121.75737779853483,118.26581596499919,119.34486389160156,578700
2022-08-24,119.3799642540069,120.42392697450738,119.00272784037372,119.94142150878906,638600
2022-08-25,120.68709493827377,121.25732006670188,119.54663129522271,121.23100280761719,709100
2022-08-26,121.23100006888403,121.23100006888403,118.13421104872641,118.16929626464844,696200
2022-08-29,117.87979505626691,117.87979505626691,116.20420489682033,116.23052215576172,511700
2022-08-30,116.37089527509987,116.70426512399945,114.04611445039747,114.38825225830078,952700
2022-08-31,114.67775000817699,115.11638888875105,112.30910273031634,112.73896026611328,1339100
2022-09-01,112.1775067170795,113.37059828257229,110.36154206796085,113.25656127929688,962800
2022-09-02,113.94961263095132,114.62512028345266,110.89668964247032,111.14232635498047,856300
2022-09-06,111.71254718565537,114.45843086885192,111.71254718565537,114.12506103515625,1320900
2022-09-07,114.24786207124386,114.87950303609588,113.47586685902029,114.86195373535156,690600
2022-09-08,114.59880352781796,117.34467394472067,114.34438546903655,116.80076599121094,993900
2022-09-09,117.07269886857922,118.88867001631935,116.23928778434546,118.2921142578125,728700
2022-09-12,118.60794865913067,119.32732283669283,117.98508895533521,118.4851303100586,503600
2022-09-13,116.51124788184882,117.39730691602585,115.42343211327614,116.08139038085938,763700
2022-09-14,115.52870482842822,116.05506342752548,113.27409466773152,114.71282958984375,911200
2022-09-15,114.80932971041743,115.51115455618408,113.16005671699067,113.28287506103516,757900
2022-09-16,113.57237687390732,113.57237687390732,111.4932196233566,113.1688232421875,1160300
2022-09-19,111.87045030991723,112.72141745014362,110.22117062941379,112.1950454711914,775200
2022-09-20,111.27390115991325,111.40549415460258,107.72970511302671,108.87893676757812,824500
2022-09-21,109.44916926504366,110.42294806118389,107.42265319824219,107.42265319824219,670100
2022-09-22,107.28228723589305,108.22097407654279,106.08041441659115,107.70337677001953,885100
2022-09-23,106.96646618068937,109.68602560915093,106.30850793058912,106.9840087890625,1035600
2022-09-26,106.38747550932344,106.54538578052532,103.57141458380505,104.15042114257812,1498700
2022-09-27,104.8873106992174,105.70317915816024,102.67657402926426,102.92221069335938,761700
2022-09-28,104.24690806943447,105.9926887743586,102.8344904725916,105.58914184570312,943200
2022-09-29,104.99673022494775,105.56260679976079,103.24604493389556,104.52811431884766,736300
2022-09-30,105.65988110407466,106.20807705794961,104.62538848965836,105.61566925048828,1310700
2022-10-03,107.24257442999445,109.13472581998703,106.1108210841053,107.97644805908203,1133400
2022-10-04,108.61303829569573,109.94815653680881,107.94106406143707,108.8782958984375,925100
2022-10-05,107.48130086426897,108.00297242722142,104.79338329605783,105.58914947509766,723600
2022-10-06,105.36809596527357,106.093125820634,102.80396368556127,102.89238739013672,818000
2022-10-07,101.84904455823362,102.25576793924087,99.38217311504913,99.91268157958984,816700
2022-10-10,100.35478918228468,101.00908283527087,98.72789539739314,99.01083374023438,2083400
2022-10-11,98.73672369638057,100.83224004084137,98.3565246991775,100.31941223144531,731900
2022-10-12,99.8950076414372,99.8950076414372,98.00284963853247,99.15229034423828,501000
2022-10-13,97.70223409683736,101.54842929357459,96.95952351905386,101.15939331054688,560200
2022-10-14,102.31766497085803,102.50334260430604,97.65801645844357,97.86138153076172,608700
2022-10-17,99.8950063395944,102.35303419789224,99.3468104070389,102.04357147216797,721500
2022-10-18,103.25489756357972,104.74032538710236,101.68105278244602,102.08777618408203,1141100
2022-10-19,101.2743347325097,101.45116865707634,98.80746303384865,99.67396545410156,521300
2022-10-20,100.20447348607863,101.16822983810717,98.67483373746992,99.2672348022461,766900
2022-10-21,99.56785461518206,100.73497598090437,97.94095428205867,100.6996078491211,698800
2022-10-24,101.82252014687376,101.93746151136023,99.43522193776886,99.91268157958984,750600
2022-10-25,100.48739385110169,103.86497245815063,99.86846173718932,103.24604034423828,2174300
2022-10-26,103.21952814683368,103.84729730757559,101.12401861982593,101.73410034179688,914200
2022-10-27,102.29998619955711,103.70584089446497,101.18592030447765,101.59264373779297,831800
2022-10-28,98.11780709630159,101.99937065877947,97.92328572028602,101.66338348388672,1126600
2022-10-31,101.13284395559543,102.70669528181382,100.27519215577597,102.16734313964844,1085400
2022-11-01,103.15764626317109,103.15764626317109,101.53075250874764,102.03473663330078,664900
2022-11-02,101.59263684574472,102.49450061569067,98.71904184692912,98.93124389648438,815300
2022-11-03,97.92326492961176,98.64829470260024,95.52712986588426,97.33086395263672,1252200
2022-11-04,97.93212453007015,98.9224053099005,95.40336026023445,98.58641815185547,1211100
2022-11-07,99.12576680880369,99.4794413941357,95.90734089926745,96.94183349609375,984600
2022-11-08,97.48118465225552,97.93211991225486,96.28753884240463,97.12751007080078,596500
2022-11-09,96.9153194461835,97.83487076806477,96.22565764121813,96.70311737060547,575400
2022-11-10,100.92065803993326,103.06037951331136,100.13373562413898,102.74207305908203,736100
2022-11-11,102.74208194247757,103.44943117876493,101.16823697480955,101.88442993164062,725800
2022-11-14,101.59263248768326,102.1850335045775,98.86934710971697,98.91355895996094,868300
2022-11-15,100.40781397553332,101.66335889548031,99.912673680545,101.35388946533203,954600
2022-11-16,101.07096862792969,102.63597650225408,100.6465645149406,101.07096862792969,1650000
2022-11-17,99.96573600780717,101.25664248402917,99.55901260399322,100.3724594116211,1213700
2022-11-18,101.61031331713043,102.25576990434281,100.63771332248466,101.52189636230469,769800
2022-11-21,101.04445111374021,102.9631269646418,100.83224904275579,102.78629302978516,880400
2022-11-22,103.10459667153413,103.5466882422908,102.36187932485626,103.29911804199219,633500
2022-11-23,103.08690257383877,103.83846359221585,102.40608456698399,103.78540802001953,598200
2022-11-25,103.90035815759084,104.64306872495787,103.53783984796047,104.44854736328125,302500
2022-11-28,103.93571382430862,104.24517652359225,101.62799566628078,101.8667221069336,1293000
2022-11-29,101.8578794672927,104.24517762801766,101.38926355401549,104.112548828125,889700
2022-11-30,103.31680033300044,106.42028509648243,102.52103414418684,106.39376068115234,1105300
2022-12-01,107.26908810593773,108.10905931099627,104.52812198093571,105.65103149414062,568400
2022-12-02,104.47507564180916,106.46448756554499,104.20981802033177,105.99586486816406,619400
2022-12-05,105.01442571415815,105.01442571415815,102.34419567210975,102.91007232666016,1164900
2022-12-06,103.4405617738979,103.50245431077144,100.72612037824882,101.35388946533203,987200
2022-12-07,101.1859061137313,102.07008912627134,100.42550818328439,101.04443359375,1205400
2022-12-08,101.23895574393096,103.19299940774803,101.12401437986446,102.75090789794922,990800
2022-12-09,102.69786012669572,103.65277941662372,102.19387607019723,102.56523132324219,799100
2022-12-12,102.3795789090314,102.88356308964256,100.62005613753381,102.82167053222656,703600
2022-12-13,105.81902606754228,106.10196436936266,102.91890678743803,104.72264099121094,892900
2022-12-14,104.53695984906315,105.88091505108781,102.80395521966412,103.25489044189453,820100
2022-12-15,103.24597993187456,103.92340699188243,101.4989193867395,102.26548767089844,1445800
2022-12-16,100.83039982813628,100.83039982813628,98.46830022672326,100.01034545898438,1596600
2022-12-19,99.81425810580345,99.81425810580345,97.80870288160679,98.3969955444336,669700
2022-12-20,97.65716297159281,98.70896549693926,96.89951016616575,97.87109375,918000
2022-12-21,98.36133396208147,99.40422097813924,98.05827556788506,98.51286315917969,578000
2022-12-22,97.87999778435679,98.53069197020363,96.7925401809121,98.19197845458984,713200
2022-12-23,98.15634488442883,99.21705627441406,97.57696082741604,99.21705627441406,472100
2022-12-27,99.26162727652012,99.52903739633145,98.27221935394883,99.39533233642578,311100
2022-12-28,99.70729930782424,100.02818870896377,97.86218865153265,97.9245834350586,438400
2022-12-29,98.55744689101175,101.19586557031481,98.00480252149748,100.66996765136719,946300
2022-12-30,100.13513670629769,100.68778101652659,98.55743631818255,99.72511291503906,555500
2023-01-03,100.38472346484632,100.91062133183264,98.03153928606805,98.65548706054688,556600
2023-01-04,99.48444771303893,101.06214807614656,99.18138251529115,100.50059509277344,2109500
2023-01-05,99.70728668620313,100.01034508195985,96.80145827728852,97.75521087646484,935700
2023-01-06,98.040452455076,101.92677340102883,97.97805767477257,101.61479949951172,578700
2023-01-09,101.13346918521408,102.1139615409692,100.44712657634189,100.73236083984375,1114800
2023-01-10,101.57914152129763,101.57914152129763,100.27775985392256,101.0710678100586,613200
2023-01-11,101.98025890702205,105.51003531624907,101.69501785526619,105.4298095703125,856600
2023-01-12,105.94679142203775,106.60639430713748,104.84150962528567,105.47437286376953,804500
2023-01-13,104.4671398602748,105.55459755201164,103.83427658732585,105.13565826416016,795300
2023-01-17,105.42089730420513,106.56184114448122,104.82368913503986,104.94847869873047,706500
2023-01-18,105.10892355327628,105.22480443439294,102.66660477384013,102.7379150390625,549100
2023-01-19,102.27440686607412,103.87885385843181,101.95351746760257,102.09613800048828,576400
2023-01-20,102.20311546777583,102.45269462927355,100.77693717260809,102.22093963623047,872800
2023-01-23,102.14961885386546,103.04097679639574,101.37414179619782,102.39028930664062,506000
2023-01-24,102.66660904457711,105.28720359608099,101.71285630924744,105.20697784423828,898700
2023-01-25,104.87716834184852,106.3657343255623,104.43148941495068,106.31224822998047,1782500
2023-01-26,106.87381713769236,107.3908063690752,106.04485399099963,106.8292465209961,623200
2023-01-27,106.80250629731736,108.94176667733825,106.69554089813387,108.4336929321289,639400
2023-01-30,107.71167518218174,108.77239315900414,106.72227426325887,106.76683807373047,564700
2023-01-31,106.73118314746709,109.83311134413582,106.40138510737411,109.8241958618164,1092800
2023-02-01,109.16459739847728,111.33059725434933,108.01474495148145,110.30553436279297,915400
2023-02-02,111.17907724603337,113.7372701446291,111.17907724603337,112.58741760253906,1401900
2023-02-03,109.19134996855554,110.21641298142588,107.16797039402076,108.513916015625,1328700
2023-02-06,107.01643449163467,109.43201374695091,106.5618468284518,109.13787078857422,860800
2023-02-07,108.46935780946843,110.90276135493501,107.96128401861658,110.22533416748047,1097700
2023-02-08,109.4765760049332,110.9651420521968,109.36961060972368,110.47489929199219,794600
2023-02-09,110.9294949076739,111.3751738856887,108.5763104477975,108.82588958740234,805800
2023-02-10,108.28214633651392,109.61026752738789,107.93451054509731,109.4765625,581600
2023-02-13,109.73507096188403,110.92948727654635,109.57462626881525,109.80638122558594,777900
2023-02-14,109.52114255058176,110.08269555339541,108.00583011042498,108.96849822998047,1009100
2023-02-15,108.44260694474994,108.44260694474994,107.14121840749227,108.27324676513672,691700
2023-02-16,106.90947266633047,108.26433373233894,106.28551803288181,107.00752258300781,766300
2023-02-17,106.90947266633047,107.54233598273429,104.93065696687334,107.00752258300781,2437900
2023-02-21,106.73118255916307,106.73118255916307,104.51170351029694,105.22479248046875,739100
2023-02-22,105.75070069571548,106.36573982278776,104.3601845480958,104.78803253173828,573500
2023-02-23,105.09109317124437,106.07158545823312,104.1819043447393,105.24262237548828,487500
2023-02-24,104.21755566811392,104.34234522005272,102.77356033838765,103.78079223632812,454500
2023-02-27,105.02869539382765,105.08217468779347,101.55239847511672,102.35462188720703,1280100
2023-02-28,102.35463874426247,103.67384474983398,102.04266481054772,102.29224395751953,1061000
2023-03-01,101.3117373031183,101.5702250972213,99.21704089849847,99.79642486572266,622400
2023-03-02,99.33292547639117,101.80198384042198,99.18138946663628,101.61479949951172,863600
2023-03-03,102.43484735375279,104.2353941045391,102.21200788067178,103.51338958740234,753200
2023-03-06,104.23538960148724,105.03760622950566,103.9323243949188,104.4582290649414,577200
2023-03-07,104.40473826374647,104.49387948552705,99.65380628542802,99.84989929199219,1402100
2023-03-08,99.71618855562316,102.34569105591177,99.71618855562316,101.0621337890625,997200
2023-03-09,101.30283976479174,101.36523455382083,98.49506065743908,98.75355529785156,861400
2023-03-10,98.80702780543365,98.93181737490725,94.28784325229188,95.29508209228516,815600
2023-03-13,94.81374647173482,97.88001315922574,94.50176575249623,96.76581573486328,727100
2023-03-14,98.07610418571271,98.37916939419192,95.80314572446215,96.42709350585938,1062200
2023-03-15,95.59812758053579,96.61427496602151,94.20761153734912,95.52681732177734,992100
2023-03-16,94.7424243120435,94.94743280410081,92.57642451894606,93.71736145019531,1059500
2023-03-17,93.55691210833577,93.55691210833577,90.33019448497394,90.66891479492188,2214200
2023-03-20,90.83827986857118,92.31793033252787,90.16976149497447,92.1129150390625,990800
2023-03-21,92.60318123219534,92.71905532295168,89.83997281747695,91.08787536621094,1396600
2023-03-22,90.49957556822122,91.15026989265904,88.49402009223692,88.78816986083984,1243900
2023-03-23,89.13578102454763,89.84886999295216,87.45111530722531,87.93244934082031,800600
2023-03-24,87.49569721225912,89.09122191409763,87.12132171523454,89.0377426147461,979200
2023-03-27,89.60821422182256,90.36586712426099,88.94861123857845,89.13579559326172,791500
2023-03-28,88.28899618592155,89.99148611274536,88.110720538793,89.59037780761719,684500
2023-03-29,90.49065221547917,91.59594092250806,89.90235952995066,91.48897552490234,885300
2023-03-30,92.62312331051947,93.26221302651844,92.26307092853229,92.90216064453125,672300
2023-03-31,93.40623329832603,94.46838408721409,92.77614675721796,94.36936950683594,902100
2023-04-03,94.33337035132824,95.45852979317411,92.98317902111322,93.43324279785156,984600
2023-04-04,93.85631293985205,93.85631293985205,92.53313097987055,93.2352294921875,608500
2023-04-05,92.93819184009367,93.94633741029486,92.92918863955326,93.15422058105469,503200
2023-04-06,93.50526820195482,94.18936721486608,92.89318105722994,94.11735534667969,342100
2023-04-10,93.44225788090336,94.39639794891742,92.52413061377507,94.33338928222656,479000
2023-04-11,94.36037966551531,94.75643114683831,93.56826296801187,94.10834503173828,864800
2023-04-12,95.20650353809764,95.47654459430574,93.37024907862819,93.53227233886719,1150500
2023-04-13,93.63128098199698,94.08134483511978,92.29909582251398,93.70329284667969,560700
2023-04-14,94.09933078271088,94.66640864211783,92.65912813922888,93.10919189453125,841800
2023-04-17,93.3702385198948,95.95360032429619,93.31622619430354,95.92659759521484,854200
2023-04-18,95.7915914054456,96.20564933727088,94.86446094207274,95.3685302734375,605400
2023-04-19,94.57641980099302,96.81773591359833,94.4053933356476,96.23265838623047,508100
2023-04-20,95.98961219965561,96.17863818236553,95.34151919183363,95.75557708740234,1056100
2023-04-21,96.19663801505042,96.24164027409307,94.67542019038159,96.12462615966797,557800
2023-04-24,96.51168819725737,96.61969912062375,95.20649897800516,95.65656280517578,369600
2023-04-25,95.25151189515472,95.53054928151852,94.17136141396708,94.38739013671875,519300
2023-04-26,94.18936011276348,95.21550512104174,93.48726161946038,93.6402816772461,774400
2023-04-27,93.9013132616952,96.40366695231583,93.9013132616952,95.89059448242188,927200
2023-04-28,96.27765347928207,99.41010075091101,96.27765347928207,99.05905151367188,764500
2023-05-01,98.96903541446966,101.00332588891743,98.96903541446966,100.1572036743164,859800
2023-05-02,99.72515165173186,100.19321504788371,97.20479127034002,98.39295959472656,974200
2023-05-03,99.14906436731077,99.94117424578131,97.87088472224609,98.28494262695312,1147700
2023-05-04,97.90689035449029,99.0140504861407,97.36681508896089,97.9158935546875,370200
2023-05-05,98.18592719261997,99.80615286662518,97.99690120735748,99.32908630371094,643100
2023-05-08,98.71700801869876,100.23822610336508,98.71700801869876,99.78816223144531,522100
2023-05-09,99.17606563094614,100.21121381110908,97.94288826723893,99.52711486816406,641000
2023-05-10,100.42724841749526,100.57127214758687,98.42896380076564,99.54512023925781,844600
2023-05-11,98.75299657438755,99.86915285745155,98.248927324119,99.81514739990234,571000
2023-05-12,99.9321823780034,100.09420565190743,98.53698844973597,99.46411895751953,504000
2023-05-15,97.3758061221614,100.8142933528933,96.77272226546539,97.96988677978516,982300
2023-05-16,97.9608914872746,98.32094391226855,95.42253184883899,95.5035400390625,769200
2023-05-17,95.77357746037079,96.304649444938,94.97246445039168,96.1156234741211,784600
2023-05-18,95.87258715916286,96.75470831135216,94.93645368418673,96.26863861083984,562500
2023-05-19,96.80872312342932,97.47481560388344,95.8365836974076,95.86358642578125,514600
2023-05-22,95.81858605765436,96.59269638978216,95.38652862933081,95.65656280517578,543700
2023-05-23,95.8095965727962,96.72772382417047,94.83745698844969,95.29652404785156,530500
2023-05-24,95.13448180643645,95.14347813727933,93.20820942212875,93.35222625732422,818200
2023-05-25,93.81130382195026,93.87431248210842,91.83101889175433,92.65914154052734,1115800
2023-05-26,92.51512238331638,93.77530251604476,91.57898876664471,93.54126739501953,498500
2023-05-30,93.93731519582526,94.72942499730398,93.54125686137168,93.76628875732422,593700
2023-05-31,94.03633880615234,94.74744048971371,93.2532252607908,94.03633880615234,1584800
2023-06-01,93.91932230222082,94.28837796101192,92.3981111367114,94.1713638305664,939600
2023-06-02,95.20650056628037,97.24079102190862,95.11648917283044,96.87174224853516,754700
2023-06-05,96.5026785502294,98.86101531931108,96.36765803761351,97.81686401367188,1048600
2023-06-06,98.1319130954118,99.06804667277574,97.07876539616323,98.87902069091797,838300
2023-06-07,99.36509501508789,102.47953599417698,98.95103710234035,101.93946075439453,825600
2023-06-08,101.71441131219392,102.14647555005565,99.71612708851099,101.96644592285156,785700
2023-06-09,102.26351544197414,102.65057065377026,101.37239088176625,101.93046569824219,569200
2023-06-12,101.70542838452405,101.7504375171527,100.03119028869398,100.76929473876953,614900
2023-06-13,100.40023453591361,101.55239677898564,100.04018211809644,101.2913589477539,526500
2023-06-14,101.54339649965043,102.22749542642993,100.07619092408792,100.5982666015625,720700
2023-06-15,100.5172617449966,101.12934887477896,99.59013128387689,100.94032287597656,553100
2023-06-16,101.47139998666601,102.03847797290244,100.9313178655691,101.81344604492188,1259400
2023-06-20,101.4714046989598,101.4714046989598,99.9771893314119,100.4362564086914,1060300
2023-06-21,99.73414985490503,100.39123921662474,98.95103629974331,99.8691635131836,465200
2023-06-22,100.24721045980226,100.24721045980226,96.90773798198356,97.46581268310547,600300
2023-06-23,97.11477954228232,97.46582880506476,95.09849536445488,95.28752136230469,1705700
2023-06-26,95.35051134380939,97.92487667803948,95.35051134380939,97.87986755371094,563700
2023-06-27,98.10491067105082,98.8070091394084,97.2587953497263,98.7800064086914,791300
2023-06-28,98.85201344408755,98.85201344408755,96.58369489799675,97.23178100585938,1360500
2023-06-29,97.22270847504015,99.34868527393581,96.38684777284642,98.6763687133789,664800
2023-06-30,99.4032016537883,99.80295388449011,97.43166782011411,98.91259002685547,1125600
2023-07-03,98.64003360398117,101.15668242707231,98.45832866015915,100.04827117919922,338400
2023-07-05,99.5394773363925,101.0476545962039,98.54008635770718,99.51222229003906,518600
2023-07-06,98.25843779116357,100.29356204122539,96.68666317417397,99.93014526367188,535300
2023-07-07,99.3668595025095,99.80295410635343,98.77630808368873,98.83081817626953,402700
2023-07-10,98.28568381777266,99.37592711879418,97.90409935557491,99.18513488769531,539500
2023-07-11,99.64849826999188,100.85685608173674,98.99434947170597,100.79325866699219,608400
2023-07-12,101.95619529835031,102.41046456492175,100.92954231967555,101.01131439208984,647300
2023-07-13,100.884112195459,101.7381405724488,100.30264813117611,101.69271087646484,415200
2023-07-14,101.55642659229181,101.71087646484375,100.67514318881572,101.71087646484375,284600
2023-07-17,101.27477711760996,101.48373706907172,100.3571513876835,100.6206283569336,552300
2023-07-18,101.46558156614329,101.49283661251967,99.70301463008374,100.50253295898438,651300
2023-07-19,101.32930513521215,101.55643977666348,100.1663768800372,101.20211029052734,570100
2023-07-20,101.49283706678224,101.90168355905419,100.084606522109,101.86534118652344,577800
2023-07-21,101.84716392873676,102.85564221296771,101.83807660293687,102.5739974975586,501900
2023-07-24,102.57400391552187,103.60973731035878,102.2105871083723,102.51040649414062,770700
2023-07-25,102.48315236523369,102.82839452274085,99.53948243937589,100.67515563964844,868200
2023-07-26,100.82052942195426,101.96528999733623,100.31175002471758,101.62004089355469,724700
2023-07-27,101.87442792814439,101.9834550525295,98.34930075221664,98.83991241455078,1010100
2023-07-28,99.95740607357533,100.18454070619549,98.54917551028969,98.58551788330078,884800
2023-07-31,98.8671625516029,99.88472820051949,98.27661112081736,99.11246490478516,1407500
2023-08-01,98.78539145862887,99.19423099983042,97.94045039942696,98.49465942382812,1476700
2023-08-02,98.0585622883891,98.48557649987453,97.13185605216871,97.38624572753906,744600
2023-08-03,97.1681862623966,97.1681862623966,94.86958505019342,96.75025939941406,988000
2023-08-04,97.21361995226532,101.13850601326106,96.97739800031873,98.6127700805664,1495500
2023-08-07,98.93075523036151,100.13911308086685,98.39472085054852,99.84838104248047,906500
2023-08-08,98.82173055330806,99.23057704123158,97.45892279009378,98.68545532226562,693700
2023-08-09,98.41288887136893,98.86715811596197,97.7587400500992,98.70362091064453,751000
2023-08-10,98.90349439653662,99.76660313547102,97.3953172701987,97.8495864868164,801900
2023-08-11,97.30447338864988,98.28569664660303,97.21362092363914,97.99496459960938,614800
2023-08-14,97.79507962531525,97.86776436595561,96.0052577437373,96.37776184082031,730900
2023-08-15,95.42379863250044,96.6594115610978,95.28751646962891,96.32324981689453,810200
2023-08-16,96.30507466349718,96.75934388360801,95.57824113868057,96.25056457519531,806000
2023-08-17,96.39592823757141,98.04038754690407,96.21422332006202,96.61397552490234,562100
2023-08-18,95.82355049312886,97.1681835042795,95.82355049312886,96.47769927978516,510400
2023-08-21,96.23240378530757,96.52313585078949,94.99679077410957,95.50557708740234,527300
2023-08-22,95.88716234428036,96.0688672872224,95.28752355569294,95.49649047851562,485500
2023-08-23,96.06886078909432,97.22270858668738,95.67818894975476,96.85020446777344,475400
2023-08-24,96.96831747540509,98.48557511183628,96.75935056981099,96.86837768554688,448300
2023-08-25,97.07734186864351,97.97679308476738,96.98648940072376,97.35899353027344,440100
2023-08-28,97.71332535919119,98.82173658504949,97.71332535919119,98.01313781738281,350000
2023-08-29,98.28570249080275,98.54917950711976,97.53161381633674,98.39472961425781,318400
2023-08-30,98.92167457120104,99.13064148706081,97.53161170237424,98.41289520263672,644700
2023-08-31,98.46739309439238,98.63093028996371,97.44983448336903,97.77690887451172,773800
2023-09-01,98.1221622336386,98.19484698035838,96.4595350433182,96.97740173339844,471400
2023-09-05,96.82294853636044,97.14093562789346,95.56916789048796,95.641845703125,460400
2023-09-06,95.16031503441661,95.85989352056984,94.72422046138443,95.1784896850586,528400
2023-09-07,94.96044429571789,95.24209595406874,94.18818792999234,94.47891998291016,842800
2023-09-08,94.66969651483217,94.81506598293954,92.68000217419618,93.57036590576172,838300
2023-09-11,93.65215214358697,93.77934698163959,92.21665962088021,92.44379425048828,578000
2023-09-12,92.46195849060311,94.11549825464527,91.92592411207228,93.99739074707031,689700
2023-09-13,93.9610532185,94.48800723009774,92.52556067584362,92.73452758789062,607900
2023-09-14,93.52495733363476,94.22452894313436,93.35233279696914,93.96105194091797,608400
2023-09-15,93.45226979093654,94.27903621377664,93.15245042515558,93.46135711669922,1043000
2023-09-18,93.41591919464277,93.42500651960535,91.86231934274497,92.62548828125,521400
2023-09-19,92.79811900512357,93.07976371342181,92.30750739829541,92.64366912841797,434900
2023-09-20,93.39774390443803,93.97920788613933,92.7072528268187,92.85261535644531,321400
2023-09-21,92.26208439308864,92.3165944831724,90.09067800450599,90.13610076904297,769400
2023-09-22,90.31782839351904,90.62672820006571,88.8732483696576,88.9913558959961,553500
2023-09-25,88.46438590127761,88.84597036309701,88.12822420019032,88.76419830322266,569000
2023-09-26,87.91019670330023,88.49166085162439,87.25604780353571,87.58312225341797,570600
2023-09-27,87.71939002722395,88.20091429615819,86.06585032723937,86.2021255493164,825300
2023-09-28,86.46842080717013,87.57028448782422,86.40414595120619,86.88162231445312,485800
2023-09-29,88.24058002362072,88.61705204787452,86.42251577579052,86.84489440917969,807100
2023-10-02,86.44087768492757,87.04690377583356,84.99927844480057,85.44002532958984,488400
2023-10-03,85.18290686890123,85.48591987157982,84.31060435196562,84.94417572021484,1304700
2023-10-04,85.43083261889203,86.10112649462529,84.46670284587654,86.04603576660156,638300
2023-10-05,85.92667779658687,86.53269687481364,85.42165606020292,86.51433563232422,609500
2023-10-06,85.74302072535613,88.23138562683539,85.3573716274368,87.95592498779297,741200
2023-10-09,87.3407358303648,90.19638904627843,87.3407358303648,89.45262908935547,843300
2023-10-10,89.35161924664826,90.26065835975707,88.35076691690895,88.43340301513672,645700
2023-10-11,89.0394345619583,89.97601209326123,88.48850619028397,89.45262908935547,944000
2023-10-12,89.18633593486986,89.45261947038938,88.30484923389157,88.69049835205078,683200
2023-10-13,89.15879597795087,89.27816857326462,87.79983985855338,88.580322265625,441600
2023-10-16,89.15879308684508,89.40671538796977,87.68964854374346,88.93842315673828,1316700
2023-10-17,88.424217536709,89.93009145358107,88.424217536709,89.59953308105469,775800
2023-10-18,89.17716301708745,89.27816736309119,87.39582128440384,87.54273223876953,1055200
2023-10-19,86.76224691769829,88.25894380961195,86.28477757531195,86.34905242919922,742600
2023-10-20,86.73470690998298,86.9826292227431,85.17374207319747,85.25637817382812,674400
2023-10-23,84.54015597406658,85.33900650233531,83.92495286889964,84.31978607177734,896400
2023-10-24,84.475891797941,86.08277017453227,84.475891797941,86.02767944335938,792800
2023-10-25,85.3941150673499,85.8807685807352,83.96169989505593,84.00760650634766,700100
2023-10-26,84.40243490970217,84.72380919189271,82.03343533452512,82.52009582519531,1341500
2023-10-27,81.72122731315865,81.72122731315865,76.57003478388339,77.11178588867188,3526800
2023-10-30,77.91063697734026,78.70030340702,76.03747523754873,77.06587982177734,1421800
2023-10-31,76.31294709328013,78.00246149773301,76.12012253660454,77.93818664550781,1068700
2023-11-01,77.77291599171525,78.11265853673815,76.53332541674838,77.75455474853516,1420300
2023-11-02,79.4440672927177,80.63775122627877,79.07678639509959,80.4173812866211,1045200
2023-11-03,81.61105416140444,84.92581523744369,81.56514755419924,83.162841796875,1377700
2023-11-06,82.43744968184674,82.63945836761475,80.43573807672496,80.81221008300781,792200
2023-11-07,80.83057260801833,80.83057260801833,79.19614885966793,79.55425262451172,573600
2023-11-08,79.98581715440307,80.968308250096,79.72871772830531,80.69284057617188,470600
2023-11-09,80.94074724161702,81.0876581686671,79.60015263215918,79.98580169677734,907300
2023-11-10,80.72038543877632,81.49168364531839,79.66443546087709,81.20703887939453,968500
2023-11-13,80.62855787714079,80.62855787714079,78.3238403849135,79.56343078613281,1052400
2023-11-14,82.32726485691622,84.55852341645554,81.72123882437461,82.62109375,1351600
2023-11-15,82.19870527114847,83.2087486233602,81.5651409020912,81.62023162841797,1413800
2023-11-16,82.06097194992539,82.18952163811913,80.36226663156181,80.4081802368164,1356700
2023-11-17,81.12439287869286,81.38149227167007,79.68279384912802,80.2061767578125,1306400
2023-11-20,79.96742713649195,81.61103459780503,79.42568306547355,81.35393524169922,1760200
2023-11-21,81.09686161834144,81.43660416410287,80.35310867283138,80.5275650024414,1040900
2023-11-22,81.500872078368,81.62942178625642,80.71120558394854,81.18867492675781,503600
2023-11-24,80.80302671904492,81.49168887858224,80.77548135353283,81.47332763671875,186100
2023-11-27,81.4182244982122,81.8681554565029,80.91320981798583,81.1152114868164,848300
2023-11-28,80.89485512405508,82.35482269281717,80.44493109582282,82.08853912353516,1255100
2023-11-29,82.96082512203807,84.11777939589066,82.22625642857959,82.40989685058594,1881200
2023-11-30,82.3180766923725,82.95164105250387,81.73041893505564,82.87818908691406,1913700
2023-12-01,82.94245803572353,85.55937239473994,82.94245803572353,85.04517364501953,795600
2023-12-04,84.3197912021864,85.60529522038331,84.06269179963367,85.43083190917969,804100
2023-12-05,85.03599868227849,85.48592263674576,83.93414209835731,85.43083190917969,1087300
2023-12-06,85.84402510808371,86.79897073590426,85.32064218764134,85.75220489501953,939200
2023-12-07,85.76139831542969,86.38578563956303,85.13701099129634,85.76139831542969,667400
2023-12-08,85.40328613271532,86.63369241196736,85.25636818600465,85.9909439086914,1075400
2023-12-11,85.62365956794856,86.25723097968071,85.19209683853298,85.77975463867188,698000
2023-12-12,85.94502859151504,86.83569936081196,85.21963700626739,86.40413665771484,753900
2023-12-13,86.5143289184138,90.75648315309236,86.44086994328889,90.08618927001953,1136500
2023-12-14,92.21055828697774,94.99357308189111,92.20127958927436,94.26071166992188,1430500
2023-12-15,92.95269563077072,93.67628545617355,90.91182085086217,91.79310607910156,2253300
2023-12-18,92.27550205232761,92.73005918843923,91.44987483308333,92.24767303466797,1202000
2023-12-19,92.64656575947741,92.95269201023893,90.97675403908424,91.34782409667969,1901300
2023-12-20,91.14373687724841,91.82094027555746,89.78005846026115,89.78933715820312,940600
2023-12-21,90.772659691308,91.01385627586698,89.41826007852201,90.20677947998047,855000
2023-12-22,90.78194722972474,91.44059324462096,90.49437128623323,90.71701049804688,1602700
2023-12-26,90.9953057059904,91.73744583218293,90.6891794506908,91.33854675292969,693300
2023-12-27,91.39420993440126,92.34043900248601,90.9767605133818,91.7281723022461,762200
2023-12-28,91.412770085536,93.24028446531294,91.32927595227251,93.16606903076172,810900
2023-12-29,92.76716654094443,93.04547087159652,92.04358377433677,92.1085205078125,753500
2024-01-02,91.98791371452795,93.32375592534584,91.57045727311994,93.11966705322266,960300
2024-01-03,92.54452143515586,92.54452143515586,90.57785508168354,90.73555755615234,657300
2024-01-04,90.33665848230187,91.84876773036358,90.15112699205301,90.73555755615234,840200
2024-01-05,90.00270769149562,91.55192485199554,89.3347899943151,91.08808898925781,998600
2024-01-08,90.6706174482452,92.14561892778119,90.38304152580328,92.07140350341797,872900
2024-01-09,90.9118195188535,91.67250997050019,90.62424357907636,91.00458526611328,770100
2024-01-10,91.40348052978516,91.85803762666504,90.94892343290529,91.40348052978516,740500
2024-01-11,91.08807091691625,92.41464150425067,90.26244381125765,92.04357147216797,1131500
2024-01-12,93.06400875221624,93.40724977046787,91.62611503198536,92.04357147216797,694900
2024-01-16,91.83949229374433,92.915594792603,91.50552993737942,92.31260681152344,1332500
2024-01-17,90.83760479178683,92.06213106676535,88.96371120340035,89.59452819824219,1093300
2024-01-18,89.33477528569658,89.83571170671135,88.27723025898108,88.83383178710938,1180400
2024-01-19,89.2512889673192,91.9971962133978,88.81528215759937,91.59829711914062,1708400
2024-01-22,91.82094585128789,92.64657307894007,91.38493902998485,92.00647735595703,888900
2024-01-23,92.18272355331823,92.50740717707004,90.6056776874817,91.24577331542969,825800
2024-01-24,92.20126942225242,92.20126942225242,90.32737611444334,90.52218627929688,1107800
2024-01-25,91.3571075034455,91.50553128759057,88.89877620743049,88.92660522460938,960700
2024-01-26,89.29766893438635,89.4832004207325,87.92471187167823,88.82455444335938,976800
2024-01-29,88.87094337951355,89.56669708944426,88.60191776236493,89.32550048828125,1355600
2024-01-30,88.84310182720547,88.84310182720547,87.94326636281106,88.18445587158203,1087100
2024-01-31,88.75033688992508,88.87093872297382,86.49609470476136,87.05269622802734,2795000
2024-02-01,86.4033309088184,88.68540215988075,85.818900357869,88.63902282714844,2641400
2024-02-02,89.7429456933685,91.50552309175116,87.9432676604523,89.58524322509766,3131800
2024-02-05,88.63902252450579,88.70395925216735,87.05269789042467,87.08980560302734,1189500
2024-02-06,87.14546736374471,88.64829073978566,86.81150504071957,88.42565155029297,1341800
2024-02-07,88.62974410234257,88.76889625564183,86.87644537246052,87.84122467041016,1339400
2024-02-08,87.60931120488235,88.05458962487259,86.16213864598188,87.15474700927734,1193800
2024-02-09,86.79295342844307,87.29389694635337,86.50537749462468,86.70018768310547,713400
2024-02-12,86.89499481757063,87.60002719698818,86.56103248403456,87.37738800048828,715800
2024-02-13,85.48494049742662,85.48494049742662,83.95428092146547,85.24374389648438,734400
2024-02-14,85.59625215465474,87.69279187244801,85.29939753707471,87.05269622802734,1347100
2024-02-15,87.99892728429455,90.64278989098702,87.72990167483145,90.32738494873047,1332900
2024-02-16,89.44609216419505,90.11401683509685,89.12140852627681,89.20490264892578,966700
2024-02-20,88.36998881174901,88.88948258539773,87.48869664279852,87.65567779541016,768100
2024-02-21,87.60002639384706,88.88021060894998,87.44232392600433,88.50914764404297,782700
2024-02-22,88.88949574451556,88.88949574451556,87.76701391595519,87.90616607666016,971900
2024-02-23,87.5814762339756,88.4163749840887,87.27534291756218,87.9896469116211,801500
2024-02-26,87.82267280626711,88.00821138154203,85.58698782539481,85.88384246826172,765500
2024-02-27,86.60742643247926,87.38666722684304,85.98588812113103,86.48683166503906,983800
2024-02-28,85.80035146583923,87.63714450132693,85.76324374943235,86.9877700805664,876800
2024-02-29,87.88759757973502,88.08240774908698,86.87643902296931,87.64640808105469,1595000
2024-03-01,87.18257915123978,88.93587789031311,86.3012868941062,88.87094116210938,885500
2024-03-04,88.12879631195976,89.78932921809376,86.2641745345865,89.7429428100586,1639900
2024-03-05,89.36261660113117,90.25318058423608,89.33478758252998,89.69657897949219,1273700
2024-03-06,90.41086555476357,91.57973365252244,89.85426405787861,91.16227722167969,1644900
2024-03-07,91.36637920567885,92.01575360991563,90.97675880968062,91.59829711914062,936300
2024-03-08,92.56306851158669,93.93602555509436,91.95080895314867,93.85253143310547,2252500
2024-03-11,93.85254358269208,94.62251278732418,92.70223266386083,92.74861907958984,1020900
2024-03-12,92.69295711088913,92.8970460229055,90.8932787762168,91.08808898925781,1189300
2024-03-13,91.32926597435399,92.8320965107486,91.24577892778504,91.86731719970703,1080300
2024-03-14,91.3942099245594,91.66323555849283,89.83572123397575,90.83760833740234,1296700
2024-03-15,89.84498284038648,91.76526255118877,89.84498284038648,91.36636352539062,1664700
2024-03-18,91.32925860975566,91.62611321401744,90.28099233667513,90.4108657836914,982300
2024-03-19,90.29954674984408,91.1437312713221,89.26983782394686,90.05835723876953,1193800
2024-03-20,89.73367125191571,91.42203317299733,89.53885400009244,91.24577331542969,862300
2024-03-21,91.7281630440698,93.57423457932398,91.44058711984042,92.48885345458984,1084100
2024-03-22,92.65583693868753,92.83209680766032,90.80977243484158,91.11590576171875,819100
2024-03-25,91.4498698345099,91.87659792963726,90.30883062982048,90.44798278808594,1001200
2024-03-26,90.4479809200178,90.59641177312142,89.31622043660698,89.33477783203125,853100
2024-03-27,90.19746921263433,91.4071044648366,90.19746921263433,91.10704040527344,1577800
2024-03-28,91.58525054576562,92.57921842271584,91.58525054576562,92.269775390625,1216700
2024-04-01,92.27916191695331,92.52295903412657,90.30061216873833,90.41313171386719,874800
2024-04-02,89.83176529481754,90.22559802691636,88.89406422557765,89.69110870361328,585300
2024-04-03,89.3816585310908,90.16933108678764,88.85654826335347,89.90676879882812,814100
2024-04-04,90.89136070019934,91.45397988475739,89.51293904787292,89.89739990234375,861300
2024-04-05,89.49418997161969,90.77883582389785,88.92219176217787,90.60067749023438,673900
2024-04-08,91.99785502337657,95.97370566392115,91.1726806350648,95.76741027832031,1805000
2024-04-09,96.37690393309859,98.35545353942136,96.34877404883372,97.12706756591797,1684400
2024-04-10,95.12039173961274,95.33605896334521,93.71384023946038,94.520263671875,1020000
2024-04-11,95.33606309347874,95.33606309347874,92.56046887142514,93.7138442993164,1233400
2024-04-12,93.49816759454771,93.49816759454771,91.65089544545542,91.83843994140625,1018500
2024-04-15,92.38230375141644,92.61672901252895,89.99117038052361,90.60067749023438,540800
2024-04-16,89.98179856124158,90.14120603456128,88.84718106523201,89.12849426269531,606700
2024-04-17,89.33477254904055,90.20683477913262,88.93156082643688,89.38166046142578,843000
2024-04-18,89.57856947640418,90.07554982896694,88.9690624357914,89.35352325439453,562500
2024-04-19,89.74736095648888,90.88197829668282,89.69110118635902,90.29122924804688,668400
2024-04-22,90.39437585897335,92.07286147085011,90.00991502339627,91.96033477783203,537300
2024-04-23,92.24165393395774,92.97305960092882,91.90408098703396,92.45732116699219,820100
2024-04-24,91.6883997046269,93.23560773599029,91.06952078453595,92.70111846923828,1088900
2024-04-25,92.09162139892578,92.77614632910982,91.21955911602659,92.09162139892578,596300
2024-04-26,92.55108981819633,93.96702039222886,92.37293148531705,93.41378021240234,873100
2024-04-29,94.17331038742734,94.82969821652969,93.40439586443995,94.03265380859375,646600
2024-04-30,93.65758435756626,94.2858495388203,93.16060391356945,93.47004699707031,950800
2024-05-01,92.68236553825353,93.83574094258766,91.89470011409641,92.41043853759766,1258500
2024-05-02,93.15121571339587,94.97035797800072,92.07286526574596,94.26708221435547,1173500
2024-05-03,95.67363183166748,98.79617787689737,94.48275471013561,98.53362274169922,2124800
2024-05-06,100.02455699800313,101.43110840020128,98.58987571241548,99.37754821777344,1675200
2024-05-07,100.34337604553888,100.53091336527352,98.7586592236476,99.38691711425781,844200
2024-05-08,99.27440912985297,99.45256745809398,97.20209074318304,97.68031311035156,823000
2024-05-09,98.09290881777227,100.27775401254682,97.91474332641127,100.17460632324219,767200
2024-05-10,100.69033383046137,100.77473064312491,99.72450291609087,99.9964370727539,629900
2024-05-13,100.39026636416423,100.97164355728268,99.43381449583734,100.09020233154297,684800
2024-05-14,100.6247008693784,101.01854076112078,99.76201759049798,100.24962615966797,606500
2024-05-15,101.84371663905772,101.84371663905772,100.71847818516103,101.28109741210938,842300
2024-05-16,101.40298938547826,101.6467936578029,99.8839111328125,99.8839111328125,774900
2024-05-17,100.38089650085615,100.49341604401938,99.5557150291738,99.86515808105469,833800
2024-05-20,99.7620099404393,99.97768432066658,98.81492991663498,98.99309539794922,1269500
2024-05-21,98.8805760395721,99.61198889152146,98.83369527801979,99.32129669189453,895500
2024-05-22,99.12438230829571,100.09959230966304,98.64615274470107,98.79618835449219,901000
2024-05-23,98.49610422801896,98.6273817828027,97.3145990808752,97.5302734375,674000
2024-05-24,97.71782646518442,98.12103820657482,96.91140298240359,97.14582824707031,573200
2024-05-28,97.46464117153171,97.79283508041703,95.06412182206188,95.18602752685547,794600
2024-05-29,93.82636032782494,93.85449021333744,92.22289246679458,93.20748138427734,987200
2024-05-30,93.93889237815779,94.8015756354685,93.82636567560327,94.7171859741211,779000
2024-05-31,95.45796049839247,96.38628244475977,94.3889819773415,96.2550048828125,1447500
2024-06-03,97.14582545082796,98.79618126972343,96.17999453285613,97.18333435058594,1042500
2024-06-04,97.2958600421845,100.17460189345195,97.16458247143676,99.75263214111328,1005700
2024-06-05,99.61197111330607,100.77471824201837,98.58987339823986,100.55904388427734,816800
2024-06-06,100.11833832400542,100.643455778693,99.49945934888711,100.31526184082031,470300
2024-06-07,99.0024710435127,100.1464673821279,99.0024710435127,100.04331970214844,407200
2024-06-10,99.87454172069691,102.09688865020537,99.68699721658584,100.83099365234375,859100
2024-06-11,100.2308630492961,100.76535235303166,99.54634530010222,99.58384704589844,617000
2024-06-12,101.49675661098425,102.19066051816091,100.6434524011517,100.70909118652344,718700
2024-06-13,100.58718587984824,101.47800614672504,100.0339457086445,100.32463073730469,750800
2024-06-14,100.09956910586732,101.59051007357465,99.51819198383157,101.3092041015625,441500
2024-06-17,100.68095529347782,102.25629320249932,99.66823653323031,101.74055480957031,652400
2024-06-18,102.15314219153547,102.93142853080687,101.68429172383661,102.79077911376953,745800
2024-06-20,102.43446025221,102.81892111499745,101.68430370793567,102.55636596679688,782800
2024-06-21,103.61596262723249,104.27235047907176,101.79682036057648,102.86579895019531,1255600
2024-06-24,102.94082372406793,104.95688248288543,102.6501386777122,104.1785888671875,609500
2024-06-25,104.05668674321434,104.11294651694843,102.77203372825309,103.07209777832031,572600
2024-06-26,101.8718386347436,103.12836172653401,101.6843012916542,101.90934753417969,734500
2024-06-27,101.99373394509476,102.93143493886966,101.60928025777429,102.90330505371094,491000
2024-06-28,103.20621570180492,104.18119760934296,102.63826584732273,103.28194427490234,1338800
2024-07-01,102.96009464408179,103.67950159720301,102.02297708503986,103.357666015625,591500
2024-07-02,103.96348538636329,104.26639245220922,102.74238924601977,103.11155700683594,479300
2024-07-03,103.17782046295875,103.17782046295875,101.70114938017674,101.75794219970703,494000
2024-07-05,102.07031150139605,102.62879345419738,101.60647942799022,101.9661865234375,508700
2024-07-08,102.09871049747426,102.5530674838336,101.65381416616994,102.25962829589844,403800
2024-07-09,102.01352166544493,102.66666800671037,101.18052898034344,102.24070739746094,868900
2024-07-10,102.83705455445984,103.27248304498525,101.95672969569388,103.15889739990234,576600
2024-07-11,104.87220126808513,105.72412960442949,103.08315537269883,103.357666015625,723100
2024-07-12,104.06761567281156,104.20959772507614,102.49628022358844,102.84651947021484,742900
2024-07-15,103.48073558433674,104.6639675623967,102.96011062524042,103.45233917236328,709700
2024-07-16,104.09601175941829,105.5253579300556,103.10209406541149,105.28871154785156,596400
2024-07-17,105.1467218615123,107.20081071773247,105.1467218615123,106.92630004882812,726700
2024-07-18,106.56659274665105,109.48207769469273,106.46246776837286,106.93576049804688,903900
2024-07-19,107.48477898244673,107.48477898244673,106.08382936168118,106.63285064697266,550900
2024-07-22,106.99256528686372,108.06221159761762,106.51927250422919,107.40906524658203,766300
2024-07-23,107.14401065310116,107.87287828052494,106.56659294407922,106.96415710449219,459800
2024-07-24,107.16294762376296,108.32725101023128,106.18796567754838,107.0398941040039,845100
2024-07-25,107.03989828551491,108.31778736418167,103.74577731516024,104.98580932617188,783600
2024-07-26,105.47802594121993,107.42798982284175,105.11832603954318,106.9736328125,756300
2024-07-29,107.12507127125747,107.67409255335062,106.06490021273133,107.38065338134766,800700
2024-07-30,107.69302950224058,108.18525800806641,105.0804587136238,105.81879425048828,1150700
2024-07-31,105.80931715482664,106.23528492720335,104.60715684833838,104.83433532714844,1849000
2024-08-01,106.36780623926875,109.7849801830257,106.20688122925388,108.923583984375,1985300
2024-08-02,109.76605639514528,114.81135896666036,109.75658851778918,111.88640594482422,2342900
2024-08-05,110.38134085850452,112.20825124721533,108.48816977059174,108.81947326660156,1284200
2024-08-06,108.76267738190784,111.59296605650384,108.63015598723607,110.95875549316406,861300
2024-08-07,110.84515338218141,113.72277398128048,110.57064273844553,111.60242462158203,960000
2024-08-08,111.69708946853905,112.64367497250971,111.15753602015073,112.44489288330078,634700
2024-08-09,112.57741902556288,113.24002601754692,111.47937632813263,112.9560546875,458800
2024-08-12,114.22446994203285,114.43271990642111,112.81405957668625,113.15483093261719,1079900
2024-08-13,113.88370666314067,114.50845660061495,112.97498539016648,113.19270324707031,827100
2024-08-14,113.25895829436074,113.92156526599537,112.73833337245185,113.41987609863281,574400
2024-08-15,113.25896571249562,114.21501916722235,112.22718367837227,113.41041564941406,821000
2024-08-16,113.35362144989871,113.88370705549123,112.3881073508731,113.24949645996094,464100
2024-08-19,113.64705121705046,114.120343960379,112.27450515014733,113.03177642822266,517500
2024-08-20,113.36307585142957,113.78903641644744,112.42595105339204,113.4482650756836,531700
2024-08-21,113.59025031558583,114.02567874183741,112.80458268432002,113.80796813964844,531100
2024-08-22,114.30966365320594,114.81135279800813,113.73224593737255,114.52737426757812,556400
2024-08-23,115.02906987146406,116.95064455444202,114.67883784905814,116.05138397216797,817900
2024-08-26,117.41446474571659,117.79310038512234,116.01351504647752,116.3448257446289,749000
2024-08-27,115.56861209697315,117.64163650711276,115.04799444172889,117.30086517333984,633000
2024-08-28,117.39553722516533,118.65449774518925,117.37660869171087,118.06761932373047,714200
2024-08-29,117.88775860752143,118.3231870693116,116.73292314622508,117.32926940917969,651000
2024-08-30,117.89722976525485,118.55036886517743,116.87491566727897,118.51250457763672,938900
2024-09-03,118.24746637862255,120.43408393229613,118.20014143376471,119.83773040771484,733100
2024-09-04,119.88505992099005,120.35835269034106,117.99188884358594,118.72075653076172,980000
2024-09-05,119.66733836031028,119.79985975387103,116.60987120932022,117.4996566772461,1154400
2024-09-06,117.70789704614543,117.78362561396884,114.29072305825659,115.64434051513672,2652900
2024-09-09,115.47396274695114,116.2880268520509,114.61257370012999,114.83975219726562,2291600
2024-09-10,115.41716319840906,116.80864495324467,115.13318467714203,116.59092712402344,1849400
2024-09-11,115.10479028616594,116.33535427071898,114.84921539004667,115.98511505126953,1708700
2024-09-12,115.96618389127427,116.87490504403057,115.67273749497497,116.52466583251953,1195800
2024-09-13,117.0263691072684,119.00473666485892,116.93171199651339,118.89114379882812,1131000
2024-09-16,119.66733015090783,119.7335908431426,117.66057363072692,118.25691986083984,1916000
2024-09-17,118.12439770418261,118.43677263205042,116.8086445227835,117.36712646484375,1140300
2024-09-18,117.4712549807632,119.65787231985725,117.09261934968369,118.55982971191406,1922600
2024-09-19,119.17512419775143,120.57606679111078,118.18120646475178,119.89453125,1676600
2024-09-20,119.26031588678356,119.52535869520527,117.96349825673805,118.52198028564453,1551700
2024-09-23,119.56319929761939,120.48138828908115,119.13723875731424,120.10275268554688,1311300
2024-09-24,119.4685544218191,120.86950413162738,118.97633314219004,119.75253295898438,911300
2024-09-25,120.09330899165751,120.490873181672,119.00473418596356,119.42123413085938,680000
2024-09-26,119.34549744052688,119.75252948030705,117.54698360843138,117.72683715820312,845800
2024-09-27,118.61663198074521,118.80595342230781,116.98850369267963,117.10209655761719,636300
2024-09-30,116.67256370398856,118.43844817503674,116.35756608802902,117.9134521484375,1141200
2024-10-01,118.59117507754274,118.59117507754274,116.09984342383416,117.02574157714844,759800
2024-10-02,115.92801477544123,116.80619055529642,115.25029730797704,116.75846099853516,778700
2024-10-03,116.76801157619047,117.15936627886069,114.86848585899658,115.28848266601562,463000
2024-10-04,114.7157626215848,115.75619997254455,113.88531638840459,115.3648452758789,710000
2024-10-07,114.63939098481863,114.63939098481863,113.64667597154244,114.20985412597656,541200
2024-10-08,114.87803336746626,115.04984958122868,112.92124528670827,114.5344009399414,653100
2024-10-09,114.76349012585791,115.04029824945803,114.15258238935587,114.73484802246094,730100
2024-10-10,114.41030398510244,115.21210805547669,112.89259301974054,113.38895416259766,767300
2024-10-11,113.93304449814079,114.30531173664488,113.13123309654956,113.88531494140625,766000
2024-10-14,113.40804276496183,114.77302499790316,113.0357755452967,114.20985412597656,566000
2024-10-15,114.66804241971317,115.72757459305699,114.19077593739645,114.22895812988281,1093900
2024-10-16,114.28622114451078,116.05210545756894,114.28622114451078,115.35529327392578,1106900
2024-10-17,115.01166402476703,115.04984621365308,113.71349873267299,113.88531494140625,679900
2024-10-18,114.43894605732208,115.56529514364374,114.12394846006507,115.25029754638672,682700
2024-10-21,114.78257252948838,114.78257252948838,112.34851090588083,112.70169067382812,1161000
2024-10-22,112.50124397302325,114.36258014547171,111.87124878695896,113.81849670410156,678100
2024-10-23,114.16212652670532,116.19528614239509,114.16212652670532,115.14529418945312,1503600
2024-10-24,115.5939285185246,116.10937713963045,114.83984668112019,114.8780288696289,684900
2024-10-25,115.71802643845088,115.71802643845088,112.73033380665767,112.91169738769531,474600
2024-10-28,113.665774326536,114.52485535408945,112.82578075181362,113.30304718017578,547700
2024-10-29,112.91169930891995,113.50351233750186,111.73762062000164,112.08125305175781,824900
2024-10-30,111.99534436586217,113.03578170767152,111.68989413608706,112.02397918701172,666800
2024-10-31,111.07899857849947,112.20534771597166,110.29628187500239,110.5253677368164,1843100
2024-11-01,104.79816671397722,109.22719873450943,104.27317071224061,108.55902862548828,2430500
2024-11-04,108.88355607077598,110.71625729672004,108.81673906615845,110.63990020751953,979200
2024-11-05,110.00035982178741,112.63487243652344,109.80945617133867,112.63487243652344,662100
2024-11-06,113.93304314661763,114.17167636244375,109.1985610185286,112.100341796875,1471700
2024-11-07,112.4439768813204,113.43668467413146,111.9571630703689,113.19805145263672,633700
2024-11-08,113.86623127673164,117.23573127107424,113.67532032594949,116.204833984375,1111500
2024-11-11,115.9852991563235,117.54118522115716,115.9852991563235,116.40528869628906,756400
2024-11-12,116.12847024628634,117.26435938782988,115.25029448791922,115.30757141113281,1106600
2024-11-13,115.48893114713051,118.13299130373701,115.48893114713051,117.67481231689453,923700
2024-11-14,117.36936023038658,117.5889059936847,114.7730296718569,114.8780288696289,877900
2024-11-15,114.2862269482005,115.35529913190518,113.38896369472714,114.32440185546875,864400
2024-11-18,113.56078105872706,114.71576500176452,113.56078105872706,114.43894958496094,749600
2024-11-19,114.04758929697844,116.09028903441737,113.3030475490033,115.7752914428711,746600
2024-11-20,115.02120631260267,115.94710432529953,114.51530507659493,115.07847595214844,537600
2024-11-21,115.10711867283783,116.9016451818615,114.9066676381612,116.44346618652344,477500
2024-11-22,116.7870920353643,117.73207751205247,116.68209283989809,117.31208801269531,452800
2024-11-25,118.3620775742958,118.9347958479924,117.82754148984668,118.28571319580078,941600
2024-11-26,118.28570899222696,120.42386781905459,117.98025877160983,120.04205322265625,881500
2024-11-27,120.75796431266795,121.84613128197515,120.67205256113928,121.25431823730469,581300
2024-11-29,121.25430969792826,121.5120376518553,119.89887476600376,120.08023834228516,428800
2024-12-02,119.3261561076962,119.41206057038517,117.75117541582803,118.31434631347656,651200
2024-12-03,118.44798292045246,118.5816242250681,116.95891394124871,117.0352783203125,494400
2024-12-04,117.04482602689146,117.12118312366809,116.03301620763952,116.5866470336914,505100
2024-12-05,115.95666040525354,116.3861972991356,114.78258172879679,115.94711303710938,562800
2024-12-06,116.34801183622595,116.65346206567405,115.32666194877375,116.35755920410156,493000
2024-12-09,115.99483738845132,117.35981975716803,115.54621303276124,117.18800354003906,643200
2024-12-10,117.62708024642082,117.68434988406625,115.80391910129653,116.38618469238281,668400
2024-12-11,116.98754985947623,117.40754666575633,114.63939980006208,114.9830322265625,1169100
2024-12-12,115.00212030929912,116.71072769234196,114.4675769642756,115.45074462890625,760500
2024-12-13,115.0975768827686,115.51756639955842,114.08576707377927,114.70621490478516,611500
2024-12-16,114.45802877618145,116.52936315429797,114.20030084820883,114.88756561279297,445900
2024-12-17,113.7516822743064,114.75394471758747,112.73033237760929,113.19805145263672,1042100
2024-12-18,112.95733164253802,114.65203072301888,109.07686179251787,109.1442642211914,694000
2024-12-19,109.12501306583452,110.79081914826067,108.2391504470695,108.34506225585938,696000
2024-12-20,108.88427620512897,111.33003280903104,108.88427620512897,110.64637756347656,1757100
2024-12-23,110.07827651818987,111.12783703635853,109.63534521523442,110.97377014160156,507400
2024-12-24,110.96413672213113,112.18701879727348,110.7330437313119,112.1099853515625,225300
2024-12-26,111.43596188053588,112.36034119687187,111.43596188053588,112.08110046386719,295900
2024-12-27,111.61889914460596,112.36033315587528,110.64637950368237,110.95450592041016,301600
2024-12-30,110.08790453509769,110.74267412734041,108.9998273228968,110.5115737915039,359100
2024-12-31,111.43596349759228,111.82111604191925,110.33825523805596,111.73445892333984,502800
2025-01-02,111.3685604882627,111.85000851248037,110.01087353373822,110.42491912841797,547400
2025-01-03,110.29974721336784,112.85141590923968,110.02050647288651,112.72624206542969,540500
2025-01-06,112.46625967821069,112.6780906347278,108.78799712321396,109.25018310546875,862000
2025-01-07,109.8375552103224,110.73304885579137,105.92819948849497,106.2170639038086,1619700
2025-01-08,106.14003185291354,107.05478013628328,104.97492120026995,106.91997528076172,882100
2025-01-10,105.29267883074104,106.73702286777814,104.4357019564708,105.10973358154297,1106900
2025-01-13,104.87863496265423,107.6710349492208,104.87863496265423,107.51697540283203,537800
2025-01-14,107.51697839662356,108.82651028949002,107.51697839662356,108.34506225585938,491300
2025-01-15,111.31077573303605,111.31077573303605,107.62288230309726,107.6902847290039,642900
2025-01-16,108.03693011670467,108.52800914210535,106.69850524142608,108.4702377319336,973000
2025-01-17,108.39320291832587,108.72059137989544,107.58437380088371,108.42208862304688,1064900
2025-01-21,108.81687760907052,109.8664307092607,107.63251231201617,108.58577728271484,861400
2025-01-22,107.68066566822263,107.93101334869992,106.50593132671898,106.8622055053711,1066500
2025-01-23,106.68888086828464,106.83330939276325,104.76308884789188,105.92819213867188,914700
2025-01-24,105.87041233595835,107.55548033714386,105.45636676181452,106.5348129272461,543100
2025-01-27,107.20884036349676,110.11679048557845,107.11255222984077,109.75089263916016,662600
2025-01-28,109.85680436995925,110.38640012418202,108.14285061456728,108.41246032714844,660600
2025-01-29,108.80724974613531,108.96131663483824,106.07262858848067,106.47704315185547,756200
2025-01-30,107.97916467024189,109.91458782733888,107.34365708431264,108.99983215332031,1101200
2025-01-31,108.98057204555442,110.5308352284198,108.85539820738832,109.49090576171875,916800
2025-02-03,108.99983215900158,109.88570212638508,107.2858783302281,109.28870391845703,762600
2025-02-04,108.57615616779647,110.52120287603462,107.51697202583259,110.02050018310547,886600
2025-02-05,110.95451195926518,112.3699629421283,110.0975277402129,111.95591735839844,708900
2025-02-06,112.64920753579355,113.62173460933285,111.9655522175832,113.3328628540039,1192300
2025-02-07,113.33285858374231,116.62596855441862,112.92844401857081,114.73869323730469,1580700
2025-02-10,114.47870991224464,115.3549488372048,112.90919200754493,114.9120101928711,854500
2025-02-11,113.91060506538396,115.66307557348307,113.77580020678509,115.38383483886719,1571900
2025-02-12,112.51439758543985,114.70017564763539,112.36033804353102,114.00688934326172,1147300
2025-02-13,114.13206404323381,115.81713207776201,113.77579721757428,114.73869323730469,817700
2025-02-14,115.33568625021088,116.28895127081329,114.60388320440123,114.65203094482422,604300
2025-02-18,114.55573522163836,115.4801144752777,114.27649450757336,114.9408950805664,936300
2025-02-19,114.67128753991528,115.28754777305873,113.19805775276608,114.48834228515625,1012600
2025-02-20,114.53647332473805,116.99186100030684,113.89133478439476,116.3563461303711,835500
2025-02-21,116.35635290554185,116.58745324241856,113.83357000497108,115.44160461425781,805400
2025-02-24,115.61492355039776,116.9726104498305,115.10458984084538,116.6837387084961,936300
2025-02-25,116.97261376123001,118.29177662976147,116.78003014611733,117.51183319091797,1155000
2025-02-26,117.72366760371156,117.90661284913021,116.27932359651284,116.60670471191406,669500
2025-02-27,116.3274702852359,119.46651348775089,116.06749158224662,118.65768432617188,1140000
2025-02-28,120.41015101741364,120.66049869488515,118.08956806799138,119.45687866210938,1539700
2025-03-03,119.26430273604245,121.33453066759266,118.9754309888257,120.8723373413086,1130000
2025-03-04,121.38266370660092,121.8544880215544,118.46509009100687,118.66729736328125,866200
2025-03-05,117.15556362702681,119.98648043701569,117.01112774658193,119.80352783203125,1589000
2025-03-06,118.79247949799033,119.50502046502726,116.33709181458407,117.29998779296875,694500
2025-03-07,117.80069894075349,118.90803086479009,116.44301933367919,116.98223876953125,731200
2025-03-10,118.2340002798589,119.97683968252768,117.10741372718283,117.502197265625,1451300
2025-03-11,117.67551816960614,117.78143731631314,115.01792317768042,116.00971221923828,939000
2025-03-12,116.07711723929046,116.54893422842282,113.50617930285247,114.00688934326172,797000
2025-03-13,114.27650337671606,114.7772060897634,111.80186082490837,112.4181137084961,898000
2025-03-14,112.90919115612685,114.27650176313611,112.06183794342294,113.70838928222656,1018400
2025-03-17,113.20768745591042,115.97120174336487,113.20768745591042,115.67269897460938,705900
2025-03-18,115.46086663157735,116.17340763772316,114.51722528858936,115.1527328491211,632600
2025-03-19,115.22977256366565,116.29858780418876,114.10318590894587,115.39346313476562,1051000
2025-03-20,115.55715588424194,116.1830397798669,114.3824215393519,115.59567260742188,789200
2025-03-21,115.09495350229965,115.38382523027789,113.05361875847248,114.78682708740234,1697200
2025-03-24,115.41271978539612,117.35776655117704,115.0468219353659,117.1170425415039,717700
2025-03-25,118.43620280079263,118.54212194384797,115.86527235676863,116.73188018798828,745600
2025-03-26,117.24222157964027,117.75255529538497,116.56818995711926,117.67552185058594,971400
2025-03-27,117.99327874317491,119.23541548601446,117.30962345301924,117.41554260253906,643700
2025-03-28,118.97542781788849,118.97542781788849,116.1926589560341,117.7621841430664,1151100
2025-03-31,118.52945937686488,120.74387285328747,117.98557042754878,118.781982421875,1480300
2025-04-01,118.78198432001481,118.93737798947495,116.82008644731995,118.41291046142578,1350900
2025-04-02,118.44204575020738,119.59781719042905,117.76218455591892,119.2676010131836,844500
2025-04-03,118.03412838962525,119.76292462561021,115.25639710823442,115.4700698852539,1079800
2025-04-04,114.24631099940417,114.24631099940417,107.0980245221502,107.25342559814453,1960400
2025-04-07,105.38866152841591,108.87538995430985,102.06703378525219,104.94189453125,1920500
2025-04-08,107.49623121360044,107.93328376022384,102.45552195355116,103.46560668945312,1749000
2025-04-09,101.97962232482016,109.50668968689021,99.40584942225513,108.4966049194336,2350300
2025-04-10,107.53509430007097,108.99194617571875,102.79546478894046,104.95160675048828,1832100
2025-04-11,103.73756250960133,105.24297906373607,101.97963030129993,104.82534790039062,1358700
2025-04-14,105.80629398793654,108.49661042444954,105.56348535103376,107.98185729980469,1094400
2025-04-15,108.59372657672205,109.30273101884622,107.6419209206405,108.13724517822266,979000
2025-04-16,108.20523716994164,109.25416477869769,106.52499825612263,107.03003692626953,851100
2025-04-17,107.52537116882318,110.21569489747148,107.52537116882318,109.05020904541016,581700
2025-04-21,107.90415646583114,108.99194182378953,106.3696041063715,107.62249755859375,785100
2025-04-22,109.22503100108305,110.9829630752314,108.76854960040934,109.90489959716797,862500
2025-04-23,110.80814199987839,112.67291789585563,110.15741665473702,110.74987030029297,815300
2025-04-24,111.14808221605283,111.98334450638835,110.18655469419804,110.74015808105469,684700
2025-04-25,110.79843418141256,111.3811734028083,110.02144361293074,110.72073364257812,950800
2025-04-28,110.40994255560109,111.42002736412408,109.57468026028269,110.93441009521484,960100
2025-04-29,110.41965062368199,110.83728174731625,109.13762140390978,109.74949645996094,1243700
2025-04-30,109.86605708406285,110.9635494791698,108.13725332735328,110.52649688720703,1061900
2025-05-01,110.82757304945154,112.55636933098064,109.72036627566479,111.52686309814453,1089500
2025-05-02,114.90675438697761,117.79132211446269,114.08120652195659,117.39311981201172,1793700
2025-05-05,117.07261224580898,117.83988842097826,115.47007377412285,115.78086853027344,975300
2025-05-06,115.51864242436528,116.27620420532644,114.7999235055642,115.56719970703125,753500
2025-05-07,115.51864242436528,116.69383536789884,115.25640494022842,115.56719970703125,931400
2025-05-08,115.95568328675368,116.15964163715243,113.84810625603569,114.11033630371094,1418700
2025-05-09,113.9549388067802,115.11070275348534,113.70241577719364,114.58624267578125,763500
2025-05-12,115.63517195423805,115.79057302395685,114.50854383849999,115.52833557128906,562500
2025-05-13,115.30496359538166,115.52834338579865,113.06141422155784,113.85782623291016,949900
2025-05-14,113.37221020021857,113.65386169380733,111.69197119919991,112.41068267822266,684500
2025-05-15,113.14881758608125,114.74164154986336,113.14881758608125,114.59595489501953,796100
2025-05-16,115.06215356009221,116.4413047856067,114.38228495728234,116.18878173828125,1922100
2025-05-19,114.83876561585417,116.2956173710635,114.40171305326385,115.63517761230469,692900
2025-05-20,114.55709790082085,115.89740615477811,114.55709790082085,115.41178894042969,574900
2025-05-21,114.76107767620702,115.04272917420997,112.00276770845892,112.20672607421875,522900
2025-05-22,112.294137335857,112.294137335857,110.42936143477884,111.1092300415039,1234400
2025-05-23,110.9344045308858,111.16749873348972,108.68114081256506,109.77863311767578,1289400
2025-05-27,110.95382774199048,112.07074890438014,109.76892046066915,111.76966857910156,801400
2025-05-28,112.08046224489138,112.74090199812377,111.15778502835418,112.2649917602539,631300
2025-05-29,112.18729782223686,114.03264483205761,112.09017585538969,113.54702758789062,790100
2025-05-30,113.06140870307898,114.44055987811676,112.43010481283659,114.11033630371094,1314400
2025-06-02,113.168237192657,114.57653162022292,112.38153964307493,114.44055938720703,528600
2025-06-03,113.87724036495602,114.95531120768739,112.27470202495554,114.31429290771484,1774300
2025-06-04,114.4405625304375,114.85819366043725,113.24594083906528,114.19775390625,662100
2025-06-05,114.20746508074524,114.20746508074524,112.10960234442896,112.41068267822266,674100
2025-06-06,113.23622552793627,113.80925772967215,111.41030735599486,112.49809265136719,595100
2025-06-09,112.38154410018689,114.96503144981315,111.9153556856234,114.15890502929688,1409200
2025-06-10,114.86789518477393,115.57689959391287,113.94522542089568,114.7125015258789,1003000
2025-06-11,114.97474267165202,115.0815790643056,113.42076888296116,114.0423583984375,767800
2025-06-12,114.11034655423643,115.17870308988495,113.67329396554028,115.08158111572266,594500
2025-06-13,114.20746315251002,114.86790291963018,111.76966985308034,112.77975463867188,696900
2025-06-16,113.21680580900977,114.10063276421477,112.53694462033762,112.818603515625,470200
2025-06-17,112.7117648406323,112.9642804713409,112.01247482651085,112.56607818603516,635900
2025-06-18,112.36212216626257,113.49846475783541,111.89592634385946,112.29413604736328,759100
2025-06-20,112.30384202925947,113.02256089096579,111.64340227602709,112.2649917602539,1585800
2025-06-23,112.6437812319995,114.12005442030089,111.35203756102877,112.91572570800781,857700
2025-06-24,113.06141721827693,113.4984698006292,111.71139438026972,112.20672607421875,941200
2025-06-25,111.36175089734324,111.88621100458143,109.5940970006256,109.80776977539062,1629900
2025-06-26,110.16713195640213,111.12865205691365,109.32215525599423,111.04124450683594,954200
2025-06-27,111.01210790757997,111.84737018236488,110.07971625345581,110.48764038085938,1151200
2025-06-30,110.49744011408718,111.17383740491562,108.62509702514075,110.46803283691406,2825500
2025-07-01,110.2523743124497,112.05609052812368,108.9878089860652,110.74251556396484,1693900
2025-07-02,110.65428091719238,111.40910259636948,109.33090109766768,111.16403198242188,1025200
2025-07-03,111.10521371533946,112.38938886164642,110.7817261779747,111.76200866699219,610700
2025-07-07,111.4189122647844,113.25203574872236,110.57586871854909,111.12482452392578,880300
2025-07-08,110.37980599918062,111.93845903492821,110.10532810080038,111.0758056640625,947000
2025-07-09,111.27186425300846,112.04628829474895,110.67389135342356,110.78172302246094,713600
2025-07-10,110.62487249912027,112.24234003028347,110.50724339217413,111.17383575439453,866500
2025-07-11,110.02690369487476,111.97767121907222,109.70341615979838,111.51693725585938,599400
2025-07-14,111.51693490896471,112.80110254019998,111.38949340244041,111.85022735595703,753300
2025-07-15,111.94825609499475,111.94825609499475,109.93868150069504,110.26217651367188,587100
2025-07-16,110.36999874505425,112.02667849817698,110.2719719947013,111.85022735595703,595900
2025-07-17,112.18352903155072,112.71288246646648,111.40910497744963,111.89924621582031,619300
2025-07-18,111.89924946839113,112.67367354500239,111.3012765418807,111.68358612060547,654900
2025-07-21,111.90905246296585,113.27164452349227,110.89935521761006,111.00718688964844,693100
2025-07-22,111.1738392905081,113.54612108955664,110.96797338888129,113.40888214111328,525200
2025-07-23,113.44809144323351,113.62454258372479,112.30115529055932,112.92853546142578,841700
2025-07-24,112.95795744842422,112.95795744842422,111.31108252473302,111.36009216308594,874800
2025-07-25,111.5169328654515,112.45800311372584,110.37980164110239,111.30126953125,804700
2025-07-28,111.2522556321735,111.32087510604208,109.95828306853619,110.01710510253906,712700
2025-07-29,110.66408907100946,112.57563692409818,109.9876917634726,112.4580078125,962300
2025-07-30,112.0168725294321,112.13450911612992,109.06622773297065,109.90927124023438,1162400
2025-07-31,109.12504604522262,110.04651397535457,106.49788868351527,107.04684448242188,1855900
2025-08-01,108.24278297479421,108.3898268335231,104.37067040904772,104.84120178222656,2037600
2025-08-04,105.03727342272853,105.58622924018474,103.54723980540157,103.68447875976562,847800
2025-08-05,104.13541065024985,105.84110006329995,103.45901334897061,105.54701232910156,1549800
2025-08-06,105.73326614681787,106.19400009709344,104.0863913240039,104.37067413330078,1020700
2025-08-07,104.75299290715704,105.32155857576629,104.05699320067147,104.86082458496094,753600
2025-08-08,105.03726488206505,105.135291630217,103.20413402788128,103.43939971923828,646300
2025-08-11,103.41979673475122,103.56684059556922,101.95917800293834,101.9983901977539,782700
2025-08-12,101.96897941516191,102.8512351354814,101.34159923159287,102.7826156616211,786900
2025-08-13,103.01788509281126,105.04707706253976,102.28267321240365,104.89022827148438,1113400
2025-08-14,103.87073561257513,104.37068179520969,103.2139481147577,103.92955017089844,892700
2025-08-15,104.2530416662824,105.12549248699926,103.7334931414692,104.71377563476562,789500
2025-08-18,104.97845138588531,105.20391965603315,103.67468131942682,103.68447875976562,1086800
2025-08-19,104.3706725615176,106.1841935793445,104.34126528495761,106.14498138427734,988500
2025-08-20,106.81157885580166,107.29191518018634,105.87050856602353,106.29203033447266,877500
2025-08-21,105.81168928974333,106.65473278903272,105.34115042636446,105.89010620117188,577700
2025-08-22,106.77236106696446,107.83106789212884,106.39985643394505,107.28211212158203,864800
2025-08-25,107.23309409622314,107.49777453974389,106.2234043929998,106.72335052490234,581600
2025-08-26,107.34093221981432,107.8212685438576,106.71355202707483,107.04684448242188,1549900
2025-08-27,107.35073566220385,108.69371786305113,107.06645284769121,108.3800277709961,705300
2025-08-28,108.52707312976816,108.65450716052446,107.468366249916,108.55648040771484,604200
2025-08-29,108.52707077297838,109.98768955131943,107.88008823531547,109.77203369140625,714400
2025-09-02,108.87016797592948,109.23287517976034,106.2332132354651,106.43907165527344,890500
2025-09-03,105.82148945000837,107.36053262591523,105.82148945000837,107.2527084350586,774700
2025-09-04,107.7428533797442,108.30161410669992,107.01743894344511,108.16436767578125,644200
2025-09-05,108.81135095776442,110.05630636716876,108.57608526601902,109.16425323486328,995300
2025-09-08,107.8310673737728,108.81134980444345,107.8310673737728,108.73292541503906,651200
2025-09-09,107.69382795665796,109.59557825703631,107.69382795665796,109.42892456054688,1062100
2025-09-10,109.2230685734407,110.04650971891292,106.51749440151002,106.70374298095703,1091600
2025-09-11,106.70374485301963,108.80154873046253,106.70374485301963,108.57608795166016,607400
2025-09-12,108.53687945132722,108.60549892707687,107.08605806252629,107.35073852539062,514800
2025-09-15,107.6644268591551,107.74285125271412,106.00774707028954,106.23321533203125,756900
2025-09-16,106.39986528484869,106.80177722772892,104.7922025554036,105.00786590576172,935700
2025-09-17,104.36086921464596,106.43907071073265,104.0863913240039,104.37067413330078,1182100
2025-09-18,104.21382347227086,105.62543257465691,104.14520400084717,105.20391082763672,913600
2025-09-19,105.1843174012393,106.68414846040007,104.80200781670665,105.82149505615234,1770800
2025-09-22,105.73326882908236,106.2430124276401,104.83141074296232,106.04695892333984,687200
2025-09-23,106.1351745139051,106.45866950803874,105.24312139915757,105.90971374511719,762400
2025-09-24,105.99793614971931,106.42926281091023,104.90982205732321,105.08627319335938,676900
2025-09-25,105.36076575248296,105.71366056970018,103.80211269786484,103.9589614868164,785500
2025-09-26,104.61575036609945,105.5176084777819,104.05698963614816,104.89022827148438,790900
2025-09-29,104.59614070223925,104.66476017869996,103.87073373980289,104.44910430908203,762000
2025-09-30,104.63720802448486,105.75594920096033,103.97387625725017,105.71634674072266,969400
2025-10-01,105.55794675664754,106.04306368670045,104.04318094474031,104.53820037841797,980400
2025-10-02,104.15208905627239,104.44910374705422,103.1026502413986,103.3798599243164,675000
2025-10-03,103.73627270342202,104.25109715124985,103.10264842409332,103.16204833984375,769100
2025-10-06,103.64717305654464,103.92438273518275,101.75619516478193,101.93440246582031,807700
2025-10-07,101.97400728752189,103.09274853174443,101.34038299214305,102.34032440185547,778300
2025-10-08,101.78589177669633,102.51852596432414,101.5185846106246,102.03340148925781,597600
2025-10-09,102.35021906010078,102.6967387188253,100.62755348404777,100.92456817626953,842600
2025-10-10,100.97406158490377,101.48888602388472,99.59790816875393,100.6572494506836,836100
2025-10-13,100.54834294922283,101.26117212806709,100.38994066136686,100.79585266113281,1112500
2025-10-14,100.67705891547064,101.40968559203085,99.61771758663721,101.1126708984375,1478300
2025-10-15,101.04336528328129,102.43932372429033,100.22163875665458,100.68695068359375,927000
2025-10-16,101.07306406069573,101.66709342216937,100.38994238043641,100.83545684814453,871700
2025-10-17,100.95426497757019,101.98390631076795,100.68695025225111,101.3799819946289,898000
2025-10-20,101.5185858797636,102.39971986322625,101.48888592242845,102.06310272216797,541400
2025-10-21,102.39971878765309,103.26105530831079,101.78589198005135,102.38981628417969,546500
2025-10-22,102.72643736006417,103.91448100692168,101.88490581409033,103.36006164550781,705800
2025-10-23,103.40955346722743,104.11248768824154,102.271014847792,103.93428039550781,1249400
2025-10-24,104.44910065950039,104.90451763274554,103.94417872145587,104.01348114013672,1804300
2025-10-27,103.74617354782173,103.88477838462065,102.4888199596352,103.12245178222656,838600
2025-10-28,102.49872696339116,102.74623669045562,100.10283461822256,100.40974426269531,1164400
2025-10-29,99.66721054111167,99.7959204274961,96.20207452006524,96.60799407958984,2364500
2025-10-30,97.04360569579364,98.59796640325052,96.41988393346026,98.36035919189453,2434900
2025-10-31,98.2712573244017,99.52860332708077,97.79603535794378,98.48906707763672,1067400
2025-11-03,97.33072237388275,99.05339550774428,96.90500534242005,98.99398803710938,1300500
2025-11-04,97.93464618806885,100.45924840475995,97.9148487335611,100.38994598388672,2318700
2025-11-05,100.4889434847091,101.1423727527033,99.776114302678,100.80575561523438,1960400
2025-11-06,100.23152943085455,100.8750561835803,98.2613542663099,98.30095672607422,2260800
2025-11-07,98.5088640927317,101.31067580888796,98.44946417971254,100.76615142822266,2274300
2025-11-10,100.29094074620342,101.43938190985664,100.03352852455468,101.3799819946289,1295400
2025-11-11,101.87500293272853,102.89474177729197,100.79585661866425,102.64723205566406,1415500
2025-11-12,102.0334009079589,102.60762525064538,101.21167440751799,101.6670913696289,1402200
2025-11-13,101.22157522184878,101.90470448129112,100.54834846637736,100.7463607788086,1031100
2025-11-14,101.08297084216744,101.78589755936916,100.25134178634481,101.63739776611328,1363800
2025-11-17,102.06310055201375,102.74622976978534,100.76615208664161,101.1324691772461,1294000
2025-11-18,101.18196903993714,101.54828613942115,100.45924489797312,101.01366424560547,1160700
2025-11-19,101.26117195869168,101.62748905092863,100.58794524128673,101.14237213134766,1057400
2025-11-20,101.75619140748802,103.28085213709753,101.72649145064449,102.72643280029297,1492500
2025-11-21,102.84523470081359,104.74611506448424,102.7462323248738,104.18179321289062,1600000
2025-11-24,103.93428101362545,104.20158817761732,103.04324454465764,103.59766387939453,8295900
2025-11-25,103.68677634182282,105.87476138376331,103.46896657733508,105.12232971191406,1141600
2025-11-26,104.70651636737709,105.91436503609427,104.70651636737709,104.97382354736328,830400
2025-11-28,104.9045191448242,105.75595318854539,104.62730946610516,105.28073120117188,382300
2025-12-01,104.91441728074177,105.90445612260456,104.65700506690632,105.0035171508789,626100
2025-12-02,105.142127071046,105.49854167563103,104.41940291142443,104.94412231445312,920300
2025-12-03,105.07282099087742,105.70644525398023,104.26098943168961,104.50849914550781,939500
2025-12-04,104.4490999818591,105.36983642601517,103.3600587439125,103.46896362304688,928500
2025-12-05,102.96404511860118,103.96398651787732,102.42942320869307,102.8452377319336,764300
2025-12-08,102.50862287686421,102.85513496179676,101.44928161527217,101.6670913696289,1264000
2025-12-09,102.07300624130741,102.756135480401,100.57804542892167,100.67705535888672,1031700
2025-12-10,100.80575839430513,102.73633118769835,100.80575839430513,102.10270690917969,1050000
2025-12-11,102.37002050177126,103.46896424995127,101.93440098259443,103.1323471069336,867200
2025-12-12,103.55806675860163,104.20159355011315,102.66703024369316,103.19175720214844,979900
2025-12-15,103.70656920750167,103.95407891921408,102.37001827493403,103.6075668334961,2086700
2025-12-16,103.924381091725,104.62730778098333,102.94424472821235,104.36000061035156,1827200
2025-12-17,104.52999877929688,108.05999755859375,104.52999877929688,107.79000091552734,2204700
2025-12-18,108.16000366210938,108.79000091552734,107.66999816894531,108.12000274658203,2830000
2025-12-19,107.68000030517578,108.0999984741211,106.9800033569336,107.27999877929688,3025200
2025-12-22,107.11000061035156,108.7699966430664,106.51000213623047,108.5199966430664,1499100
2025-12-23,108.77999877929688,108.77999877929688,107.05999755859375,107.80000305175781,1051500
2025-12-24,108.20999908447266,109.18000030517578,107.7699966430664,108.56999969482422,405700
2025-12-26,108.29000091552734,109.2699966430664,108.0199966430664,109.26000213623047,701700
2025-12-29,109.66000366210938,110.19999694824219,109.06999969482422,109.98999786376953,914700
2025-12-30,110.01000213623047,110.86000061035156,109.37000274658203,110.72000122070312,927700
2025-12-31,110.70999908447266,110.86000061035156,110.04000091552734,110.08000183105469,763500
2026-01-02,109.62000274658203,110.69999694824219,108.8499984741211,110.16999816894531,1081800
2026-01-05,109.98999786376953,110.91999816894531,109.0,109.0999984741211,1433900
2026-01-06,108.12999725341797,110.5999984741211,108.12999725341797,110.30999755859375,1121500
2026-01-07,110.88999938964844,111.33000183105469,108.16000366210938,108.2300033569336,2212700
2026-01-08,107.88999938964844,111.58000183105469,107.4000015258789,111.37000274658203,1607800
2026-01-09,111.22000122070312,111.61000061035156,108.41000366210938,108.80000305175781,2005000
2026-01-12,109.01000213623047,109.20999908447266,106.66000366210938,107.37999725341797,1334000
2026-01-13,107.56999969482422,108.16000366210938,105.69000244140625,107.5999984741211,2239000
2026-01-14,107.66000366210938,108.93000030517578,107.2300033569336,107.83999633789062,1571800
2026-01-15,108.68000030517578,108.93000030517578,107.51000213623047,108.3499984741211,1180300
2026-01-16,107.36000061035156,110.13999938964844,107.08000183105469,109.5,802900
2026-01-20,108.5999984741211,108.88999938964844,106.83000183105469,107.25,1077800
2026-01-21,107.5,108.69999694824219,107.30999755859375,108.43000030517578,784500
2026-01-22,107.30999755859375,109.18000030517578,106.31999969482422,106.47000122070312,1153100
2026-01-23,106.12000274658203,107.87999725341797,106.33999633789062,107.86000061035156,473481
