Date,Open,High,Low,Close,Volume
2020-12-28,62.70591039564074,63.76447252907137,62.25091613094356,63.513763427734375,3696100
2020-12-29,63.74590450257836,63.968757824714245,63.086625073157656,63.13304901123047,3563900
2020-12-30,63.13305028844754,63.85732891332625,63.13305028844754,63.4209098815918,4476100
2020-12-31,63.588042827515686,63.690178312926896,63.207328324775965,63.41161346435547,4563800
2021-01-04,63.42092276336234,63.51377774462613,61.74950476309022,62.037357330322266,6330500
2021-01-05,61.73092398685965,62.1023438360211,61.44306439406616,61.95377731323242,4878700
2021-01-06,62.36234715483236,65.31517318793722,62.36234715483236,64.67446899414062,6499100
2021-01-07,65.12946190148644,65.41731440159589,64.61874899705421,64.90660858154297,4631000
2021-01-08,65.10160802647711,65.89088583283281,64.53518354658407,65.20375061035156,6306800
2021-01-11,64.60945430879043,64.88801912661106,63.29089575172395,63.48589324951172,5863300
2021-01-12,63.105193101014,64.11733129646782,62.724485638334954,63.513763427734375,5918900
2021-01-13,63.39304844651814,63.690188583537946,62.55734668166095,63.2630500793457,5724800
2021-01-14,63.53232317782411,63.97803684656529,63.05876081748599,63.16089630126953,4167200
2021-01-15,62.68734054074338,63.680903466612996,62.25091444617257,63.56947326660156,6382900
2021-01-19,63.60662831186757,63.95019951152032,62.28806925003345,62.380924224853516,4990600
2021-01-20,62.70590309609315,63.81089612324853,62.54804897346482,63.41161346435547,4558500
2021-01-21,63.467335811118076,63.857330916071874,63.11448410916651,63.19805145263672,4314100
2021-01-22,63.03091573403445,63.32805590220625,62.07449603911835,62.13021469116211,5598500
2021-01-25,62.07448163589031,62.07448163589031,59.827359192720216,60.98806381225586,6892400
2021-01-26,61.16449642757153,61.16449642757153,59.81807474682512,59.864505767822266,7106200
2021-01-27,58.898800994592754,60.18950408523783,57.79381136884539,59.36308288574219,10471200
2021-01-28,60.13378653739266,61.59163124705972,59.61378605370707,60.8116340637207,8267400
2021-01-29,60.49593934215017,61.32236064421777,59.214520171720224,59.465232849121094,5763400
2021-02-01,59.836651282580846,59.92021862092735,58.8709441168718,59.493080139160156,6122700
2021-02-02,60.05950393350086,61.693778125293726,59.845931152806756,61.12735366821289,5548000
2021-02-03,61.24807554214159,62.343781255214736,60.83950514881178,61.96307373046875,5477500
2021-02-04,62.158045494227956,64.83230593301268,61.71233187890838,63.68088912963867,9747500
2021-02-05,64.3773247106963,64.71160821821915,63.290906853436496,63.448760986328125,3762300
2021-02-08,63.64377196262374,65.00876205929025,63.160914756699825,64.97161865234375,4532700
2021-02-09,64.85091329446954,65.04591798957814,64.03377943746476,64.0709228515625,5492600
2021-02-10,64.0709121493753,64.47170517575454,63.66080348160297,63.94042205810547,4632900
2021-02-11,63.96835443950523,65.47831967385719,63.688735988740866,64.33186340332031,5796300
2021-02-12,63.679424737453864,64.15478543410342,63.110857873721486,63.381160736083984,5801500
2021-02-16,63.25067471236732,63.46504819920735,62.691430563042026,62.91512680053711,6293600
2021-02-17,62.55160277766233,62.59820940860823,61.61020429970831,62.29062271118164,7946400
2021-02-18,62.439761432304266,64.08953972803388,62.00168462935714,63.66078567504883,7690300
2021-02-19,63.75399720053921,64.05226122382696,62.81259848812232,63.09222412109375,4383600
2021-02-22,62.71938842415283,65.3012355489311,62.71938842415283,64.82588195800781,10511900
2021-02-23,65.57151553880065,66.23328834633183,64.48098881841149,65.45967102050781,10455900
2021-02-24,64.76996692558615,66.04691375695661,64.20139992930397,65.11483764648438,13387100
2021-02-25,63.45572513121132,64.4530459992944,61.684779606352976,63.08289337158203,13410300
2021-02-26,63.67011426374683,63.67011426374683,60.95777658943967,61.50769805908203,9964400
2021-03-01,62.13219597882879,63.241361697577894,62.13219597882879,62.6821174621582,7006800
2021-03-02,62.79394938149424,63.0735678555712,61.293306770406915,61.712738037109375,8988400
2021-03-03,61.237396738837035,61.535660805480674,59.233435263299334,59.33596420288086,10689400
2021-03-04,59.58761543936427,60.07229180177456,56.99644545044073,58.30134963989258,11092400
2021-03-05,58.748749636464055,58.916523602322556,57.192184410050835,58.459808349609375,9185000
2021-03-08,59.35459828921638,61.37720144544808,58.972447282225765,60.75271224975586,13576800
2021-03-09,61.507692714870174,62.48637535084361,60.519694439024,61.591583251953125,8975500
2021-03-10,61.74071218301854,61.85256386292243,60.10026354481462,61.14418411254883,7127800
2021-03-11,61.32128036095879,62.178788566831905,61.26535807702047,61.591583251953125,5645700
2021-03-12,61.768674232599615,62.7287184990664,61.66615241348438,62.299957275390625,5480700
2021-03-15,62.44909257645968,63.427775229963984,61.88052564231726,63.39980697631836,5256400
2021-03-16,63.204061999556224,63.204061999556224,61.9084771187756,62.18810272216797,5425500
2021-03-17,62.2813110594459,63.23202534403949,62.15082100295608,62.765987396240234,5138500
2021-03-18,62.57957571754277,63.222710367822934,61.7966353703972,62.001686096191406,4726700
2021-03-19,61.29331202585003,62.579574183709084,60.73406791857108,62.085575103759766,21044300
2021-03-22,62.39317083769807,62.71939602133002,61.40516542432973,61.983055114746094,5303900
2021-03-23,61.78731775082459,61.86188553612788,59.876559141686435,60.1468620300293,6030100
2021-03-24,60.11890425270243,61.03234189584689,59.960453033447266,59.960453033447266,4936600
2021-03-25,59.65285646258232,60.8552352039972,59.1029315498444,60.65950012207031,5505300
2021-03-26,61.256030576344735,61.83391309536784,60.706102085947826,61.55429458618164,6021900
2021-03-29,61.49836830436839,62.16014131090273,60.64085310961488,61.07892990112305,5319700
2021-03-30,60.83659121448086,62.197428294152616,60.62221773850402,62.001686096191406,6649700
2021-03-31,62.197420236959694,62.92443821117957,61.610207941494494,61.65681457519531,5763000
2021-04-01,62.393178617377984,62.598236504422225,61.11623175516936,61.49838638305664,5032000
2021-04-05,61.7686686353095,63.315918089545924,61.7686686353095,63.157466888427734,5534600
2021-04-06,63.12951432204239,63.688758532700675,62.87784980498179,63.045623779296875,4331300
2021-04-07,62.989689353996305,63.67942351052964,62.961728215527664,63.17610168457031,4800800
2021-04-08,63.399803080258536,64.4344079551241,63.110861810923616,64.34120178222656,5324100
2021-04-09,64.44373236823076,64.7792802882582,63.65146921140079,64.73267364501953,5124600
2021-04-12,64.63946140339574,64.94704815308356,63.8751594597675,64.79791259765625,4771300
2021-04-13,64.16411141582284,64.57422715050491,63.297287522168986,63.8099250793457,5035900
2021-04-14,63.95906030033922,64.56490403621939,63.791286329018725,63.949737548828125,3561700
2021-04-15,64.52762588818202,65.18007625664667,64.41577420594135,64.53694152832031,3799600
2021-04-16,65.00297344884748,65.31988296325717,64.60218051399626,65.23599243164062,5702900
2021-04-19,65.1893782463883,65.1893782463883,64.27594091027446,64.31322479248047,3556200
2021-04-20,63.86583909993378,64.03361305048108,62.4863707164781,63.14814376831055,4180100
2021-04-21,63.222709126657676,64.22935279137548,62.97104465489088,63.82855987548828,4644100
2021-04-22,64.07090198350205,65.07754576601486,63.78196070027496,64.47169494628906,4319200
2021-04-23,64.60217443655075,65.88844365171524,64.24798817604822,65.60881805419922,5302500
2021-04-26,65.7393214197594,66.13079164663982,64.36916851450219,64.57422637939453,3679700
2021-04-27,64.7606273357819,65.43171591376243,64.43439512881753,65.05889129638672,3551400
2021-04-28,64.99365685211619,65.56221661947463,64.70470848211038,65.1987075805664,3067300
2021-04-29,65.71133968197537,66.63409267361494,65.38511459515064,66.56884765625,4121300
2021-04-30,66.35448775458163,66.98829967164168,65.7579597280751,66.1773910522461,5017600
2021-05-03,66.63410774598074,67.55686805751851,66.32652808664331,67.18403625488281,6706900
2021-05-04,66.76459221861428,66.76459221861428,65.56221348918173,66.00961303710938,5773800
2021-05-05,66.48498607088071,66.55023110965664,65.7393223895765,66.20536041259766,5769600
2021-05-06,66.62479257475152,67.21199786798637,66.41041197559741,66.88577270507812,5838700
2021-05-07,66.76459019906333,68.99225089910999,66.54089398745334,68.7685546875,6347400
2021-05-10,69.14138379193028,69.57946055992193,68.01357291644865,68.03221130371094,5207500
2021-05-11,67.30520966486122,67.44502249241047,65.93505675499502,67.1187973022461,5567700
2021-05-12,66.69784050898404,66.969115756099,65.02337780961905,65.04208374023438,5811500
2021-05-13,65.3227342498665,66.89429676736722,65.22919030630185,66.32366943359375,5671800
2021-05-14,66.71654410336751,68.13843029949813,66.67912510650304,67.75489807128906,6542400
2021-05-17,67.28717677071192,67.7268410983322,66.72590604613167,67.36201477050781,6668800
2021-05-18,67.53975832393634,68.11038568601411,66.37979766491819,66.54817962646484,7720300
2021-05-19,65.5940088995011,65.5940088995011,62.142182837035925,63.030860900878906,16703100
2021-05-20,63.61083657094686,64.31242668018524,62.55377670899407,63.02150344848633,11980800
2021-05-21,63.63891532873815,63.92890369765558,62.46959818059304,62.71281814575195,6933800
2021-05-24,62.91860019483622,63.180526015384665,62.03927167990072,62.076690673828125,8965500
2021-05-25,62.60053693579744,63.217939577132434,62.235710697533214,62.92794418334961,6173600
2021-05-26,63.405031855838494,63.5172888358747,62.834404696971745,63.4798698425293,6769500
2021-05-27,63.61083369519252,63.66695861757229,62.78763724020139,62.89988708496094,8648800
2021-05-28,63.39568468512198,63.82599960366856,62.85312704385038,63.18053436279297,7523200
2021-06-01,63.85404604058069,64.06919630890484,62.31054662506312,62.853111267089844,5844000
2021-06-02,62.712815803385546,62.85313528331103,61.655755710244655,61.72123718261719,9170100
2021-06-03,61.711873083606015,61.90831747664603,60.57997512164536,61.59025955200195,7450600
2021-06-04,61.880247167933945,61.880247167933945,60.83253673424412,61.40316390991211,5671900
2021-06-07,61.40316562778977,61.66509145930427,60.86060089854194,61.10382080078125,6071200
2021-06-08,61.347039992352705,61.880248182314226,61.103820092930945,61.506065368652344,7058500
2021-06-09,61.48737188956068,61.73994123618016,60.79513104619098,60.832550048828125,5490900
2021-06-10,60.682864556525416,61.169297183703144,60.43028814213188,60.58931350708008,6684200
2021-06-11,60.64544703873119,61.608962921124466,60.64544703873119,61.515419006347656,7654000
2021-06-14,61.37510726475674,61.84283403425683,60.757704503283456,60.92608642578125,5101900
2021-06-15,60.97284902550189,61.25348788245762,60.58930973012522,61.17864990234375,7296400
2021-06-16,61.72122543367481,61.889607350144004,60.64545247495181,60.9915657043457,7932700
2021-06-17,60.97286270237102,60.98221923621968,59.68193580360827,60.523841857910156,7570600
2021-06-18,59.99998558127784,60.21514302173594,59.16743255579605,59.279685974121094,11745700
2021-06-21,59.747415056335896,60.79512199488363,59.51355167738056,60.72029113769531,8811100
2021-06-22,60.57060942896341,61.78670173945736,60.47706551360463,61.655738830566406,5880300
2021-06-23,61.50607399018257,62.0860577895041,61.36575452327233,61.60897445678711,5415400
2021-06-24,62.21701205554244,62.740863712962884,61.78670431738371,62.64731979370117,6526300
2021-06-25,62.85312233454454,63.43309893123226,62.722159416779974,63.171173095703125,13165300
2021-06-28,62.92795969372552,63.13376062489598,61.777355777737206,62.198307037353516,6361800
2021-06-29,62.54441320935116,62.86246393104687,62.29183680147012,62.394737243652344,3272000
2021-06-30,62.273145142984816,63.23666119787881,62.198307142987645,63.06827926635742,5013700
2021-07-01,63.19922850503498,63.72308725457063,63.07762213409537,63.498573303222656,4418100
2021-07-02,63.59214195968829,63.947611775668854,63.42376001802488,63.84471130371094,3058700
2021-07-06,64.09726722285504,64.1908182773647,62.86246895492785,63.73244094848633,4133200
2021-07-07,63.93823890721756,64.15339633096863,63.068266953690326,63.283424377441406,4981300
2021-07-08,62.13281744584651,62.85312061074039,61.43122734694505,62.553775787353516,5686000
2021-07-09,63.15245974259234,64.0411375996658,63.08697829140738,63.947593688964844,4407400
2021-07-12,63.30213288253412,63.92888497754296,63.09633198281339,63.81663513183594,6072800
2021-07-13,63.6108498924508,63.919551318031,63.115060586670864,63.274085998535156,3775000
2021-07-14,63.63891399352273,64.75210617902341,63.564075984744704,64.20954132080078,8748800
2021-07-15,63.96631508609631,64.05050962194902,63.37698188290589,63.676326751708984,4905700
2021-07-16,64.00373629525586,64.17211823582664,62.84377578073764,63.05893325805664,7819900
2021-07-19,61.89896664467928,62.32927446958895,60.458367159401675,60.832550048828125,8043800
2021-07-20,60.61739622222967,62.544428357187506,60.271275820430276,62.207664489746094,5312000
2021-07-21,62.74085796596419,63.526642517061354,62.488288693398296,63.12439727783203,3499500
2021-07-22,63.255358567844496,63.358259008066995,62.46957403677658,62.92794418334961,2884500
2021-07-23,63.376982867656416,64.00373508130377,62.96538099030245,63.77922821044922,4816900
2021-07-26,63.56405208951904,64.47144297824322,63.44244572367846,64.28435516357422,4861200
2021-07-27,64.00372922284164,64.52758805614481,63.63890291474242,64.03179168701172,3789300
2021-07-28,64.03178144802392,64.31242031873741,63.32084201291753,63.498573303222656,3123800
2021-07-29,63.966298752345864,64.79885167914217,63.76050500636054,64.3966064453125,4318600
2021-07-30,63.86340741432111,65.275944200089,63.86340741432111,64.3685531616211,3668600
2021-08-02,64.72402376424553,64.72402376424553,63.37696856913871,63.564056396484375,5747600
2021-08-03,64.0037214912093,64.54628618943615,63.00278661403925,64.52758026123047,3832000
2021-08-04,63.9288931255762,64.41533297545027,62.890546235727186,62.90925216674805,6909000
2021-08-05,63.0402122611117,64.21888569688598,62.909249339019446,64.15340423583984,4340400
2021-08-06,64.62113811512991,65.10757085977833,64.34049917290731,64.83628845214844,3456900
2021-08-09,64.55565006797913,64.84563837829683,63.947603846426254,64.4808120727539,3190100
2021-08-10,64.65854009886027,67.20296729364892,64.65854009886027,66.8194351196289,7078200
2021-08-11,67.13865995991357,67.40154266542085,66.54716670950569,67.32643127441406,4264900
2021-08-12,67.41094150781669,67.54238287641827,66.47207049608119,67.17622375488281,4273300
2021-08-13,66.91333325111395,67.12927673359299,65.99324367920195,66.18101501464844,5389000
2021-08-16,66.0214184468696,66.10592057445493,65.07315658740302,66.0495834350586,4055600
2021-08-17,65.75852243188146,65.75852243188146,64.29388603682789,64.92292785644531,8008300
2021-08-18,64.49104353625404,69.16661654338911,63.74933467577738,68.5375747680664,14316300
2021-08-19,66.96967124989824,69.35440448865795,66.94150626551807,69.09151458740234,11723200
2021-08-20,68.64084221148151,69.8613770713529,68.1901810924937,69.51399230957031,7835600
2021-08-23,69.77689317786127,71.45747314535181,69.77689317786127,70.5373764038086,9979400
2021-08-24,70.66881179588904,71.50441351411446,70.509205456808,70.70636749267578,7444800
2021-08-25,70.31203705000925,71.41990493427592,70.17120499057391,71.17579650878906,5365200
2021-08-26,70.60309030474906,70.60309030474906,68.89434551720963,69.32622528076172,6277300
2021-08-27,69.57972107963974,69.79565736947754,68.91312361833157,69.1384506225586,5087100
2021-08-30,69.17602703635059,69.31685914230492,68.25593015206502,68.34982299804688,4496600
2021-08-31,68.12447356046559,68.45308412203153,67.64565453530133,68.27469635009766,5829800
2021-09-01,68.6878028512251,68.90373916067077,67.55176268651125,67.67382049560547,4103200
2021-09-02,67.56114899535002,68.15263508270903,67.28887557522766,67.47665405273438,3813400
2021-09-03,67.05415880647227,67.44848287033275,66.62227904657509,66.72555541992188,5397900
2021-09-07,66.23733775871534,66.65982675321251,65.31724122363421,65.58012390136719,7085000
2021-09-08,65.82422189563638,65.84299615692453,64.83840484716531,65.55194854736328,7124900
2021-09-09,65.58013201314778,66.17162527422606,65.1670336811912,65.20458221435547,7613100
2021-09-10,65.6740014445654,65.8617798790713,64.61308015091278,64.66002655029297,6709400
2021-09-13,65.073146758891,65.22336955723407,64.08733650607938,64.50043487548828,5820200
2021-09-14,65.13887236019224,65.45809224926272,64.4722747590077,65.2327651977539,7322800
2021-09-15,64.96987528080616,65.64586359835043,64.66943682445515,65.2327651977539,5031800
2021-09-16,65.38296042211407,66.4344982724047,65.32663046758593,66.17161560058594,5629800
2021-09-17,65.72095553258394,66.77249339979093,65.50501209839283,66.10589599609375,9208800
2021-09-20,65.22336244355881,65.80545781610799,64.3032658116023,64.88536834716797,5759800
2021-09-21,65.56135053417832,66.10589732437087,65.00741303021944,65.05435943603516,6901300
2021-09-22,65.53319276197007,65.89935184594503,65.14825224839726,65.27969360351562,8418600
2021-09-23,65.69280959107836,67.54238673596986,65.68341887477953,66.37818145751953,6595300
2021-09-24,66.08713318248037,66.99783925458759,65.90874538934085,66.75373077392578,4802100
2021-09-27,67.12927678830157,68.17142417581867,66.7349526857322,66.7912826538086,5228400
2021-09-28,66.21856295030118,66.71616337760693,65.24213636182613,65.79607391357422,5431400
2021-09-29,66.18099787614918,66.6504332562158,65.5519561859836,65.62706756591797,3671300
2021-09-30,64.9604915817012,65.11070722803075,61.768328513248235,61.94671630859375,10900200
2021-10-01,62.24714885202624,62.96068563960086,61.505439918111435,62.5381965637207,6787000
2021-10-04,62.284684114533306,62.90434226765621,61.62747743365956,61.83403015136719,6503500
2021-10-05,61.88099781867411,62.25654052934858,60.84823387526515,61.12989807128906,9136300
2021-10-06,60.55718173518494,61.07356366945167,59.63708855100504,60.39757537841797,10030200
2021-10-07,60.83884214059521,62.237757889893764,60.81066999436669,61.00783920288086,6213800
2021-10-08,60.960885161381015,61.31765350911513,60.69800246694365,60.78249740600586,5352100
2021-10-11,60.62289758679469,60.801285361319266,59.101927634765424,59.16764831542969,8466100
2021-10-12,59.524419444419784,59.70280363492289,58.99865042500392,59.120704650878906,5157400
2021-10-13,59.64646255566122,60.266120740377495,59.48685623402799,59.6182975769043,7218100
2021-10-14,59.07375737661548,60.613505133469445,58.88598605524959,60.219181060791016,7946100
2021-10-15,60.69800783678961,60.99844625172817,60.33184874242751,60.416343688964844,5633900
2021-10-18,60.06896679757846,60.82945360511729,59.79669334508211,60.688621520996094,4244600
2021-10-19,60.71678199506811,60.876388335808194,59.59013973182222,59.99385452270508,6146000
2021-10-20,60.19100890396727,61.0547683401149,59.79668129678531,59.95629119873047,5953900
2021-10-21,59.99385143644275,60.763725281426765,59.99385143644275,60.72616958618164,3970700
2021-10-22,60.66046138261813,60.80129347798965,59.66525674304814,60.237972259521484,4272500
2021-10-25,60.40695093935374,61.63687670287923,60.40695093935374,61.27071762084961,5969400
2021-10-26,61.65564605651007,62.09691649533738,61.27071273867127,61.33643341064453,6075800
2021-10-27,61.48664497932659,61.48664497932659,60.30367296154031,60.613494873046875,4573000
2021-10-28,60.857613794580736,61.402160656670496,60.80128383057724,61.21438217163086,3829700
2021-10-29,61.02660385919928,61.95608397387184,60.78249543811801,61.48664855957031,8269300
2021-11-01,61.52421793246263,62.93252448851052,61.4491065303492,62.57575607299805,7424400
2021-11-02,62.78228780391863,63.7305420764488,62.2189596399019,63.204776763916016,7510200
2021-11-03,62.85740842872757,64.50982333769309,62.85740842872757,64.24694061279297,6308700
2021-11-04,64.4347051790652,65.68340515431339,64.22815960476028,65.47685241699219,8238700
2021-11-05,66.61288512756187,67.4860353201188,66.51899947349455,66.84760284423828,8726100
2021-11-08,66.56595271844404,66.89455612293575,65.30786190308244,65.61769104003906,6713700
2021-11-09,65.78729363514567,66.21136732546917,65.27840952061428,65.66478729248047,4298800
2021-11-10,65.75904622855462,66.44698439615802,64.92975730506897,64.98629760742188,5950600
2021-11-11,65.09937725144792,65.5140180663958,64.18527079911527,64.28893280029297,6047500
2021-11-12,64.7412592277189,65.05224518170706,64.25122663730016,64.83550262451172,8504700
2021-11-15,65.31612811371615,66.41871433951353,65.17477735763269,65.32555389404297,6333200
2021-11-16,65.3726642293874,66.28676344862663,64.40201033802917,65.49517059326172,9819300
2021-11-17,72.37453781479682,72.50646998559806,68.98197573772504,69.31181335449219,21456600
2021-11-18,69.35892179666435,69.5285498856439,67.65322231675472,68.88773345947266,9466400
2021-11-19,68.59560018547215,68.62387033583371,66.14542222736742,66.9275894165039,8162000
2021-11-22,67.52127420071803,67.82283437766468,65.25014350108717,65.85326385498047,7021300
2021-11-23,65.39152028312205,67.16318593538367,65.02399393605589,66.86162567138672,7110200
2021-11-24,65.67422897122049,67.42705006020728,65.5988371160513,67.361083984375,4960400
2021-11-26,65.89096401983988,66.39984819929481,65.06167527726274,65.36323547363281,4737200
2021-11-29,67.67207973162424,68.13384956771532,66.20197413692405,66.59777069091797,5813500
2021-11-30,66.23967002628784,66.5129601771151,64.49627428181792,65.40095520019531,9925200
2021-12-01,66.79564219758758,67.54954625617748,64.05333038424665,64.09102630615234,8014400
2021-12-02,64.10044728464602,66.41869983484213,64.06275855109686,66.20195007324219,6050400
2021-12-03,66.45639817135137,66.83335026917268,65.76846724335846,66.61660766601562,7970100
2021-12-06,67.37993009189093,69.26468338117459,67.11606578175333,68.45423889160156,7782500
2021-12-07,68.68983441703772,70.32956779814818,68.21864608535834,69.84896087646484,7976000
2021-12-08,69.94319382121681,70.4803482065229,69.59451188382887,70.0562744140625,8158900
2021-12-09,69.80183667320983,70.38611277192952,69.64163437170644,69.75471496582031,4901400
2021-12-10,69.93376538721023,70.50861567823128,69.68874546240713,70.4238052368164,5123800
2021-12-13,70.05628298141228,70.50862697740233,68.66156944082375,68.91600799560547,6883900
2021-12-14,68.49193379826666,69.44373620828782,68.40711616283748,68.73695373535156,6972700
2021-12-15,68.6238682353603,68.98196877858521,67.21972902219363,68.85003662109375,5940800
2021-12-16,69.92435066609818,70.4143905931994,69.21756811681917,69.23641967773438,9558000
2021-12-17,69.23641213335118,70.27302498805254,68.18094771978878,69.75471496582031,11378800
2021-12-20,68.74637780918002,68.98197198561965,67.21973214729995,68.303466796875,7263300
2021-12-21,68.85946250403282,70.14109534138179,68.58617240888718,69.84896087646484,6644300
2021-12-22,69.75471473036245,70.14109259831555,69.22698612024416,69.73587036132812,4852400
2021-12-23,69.8206792529988,70.10339511056446,69.26468050681939,69.50027465820312,4625900
2021-12-27,69.4908452912481,70.23532363395536,69.48142670230834,70.0091552734375,3165300
2021-12-28,69.89607749812576,70.96096776119971,69.89607749812576,70.46150207519531,2982500
2021-12-29,70.43322022720905,71.54522482632755,70.39552430302983,71.11173248291016,2884100
2021-12-30,71.00807578085478,71.74312838272456,71.00807578085478,71.17770385742188,2799100
2021-12-31,71.29079614412551,71.93161256390637,71.03635041831187,71.54523468017578,3193200
2022-01-03,71.46040507762895,72.17660597442264,71.13999335873791,71.19654083251953,4814900
2022-01-04,71.34733845852253,72.89283565757104,71.34733845852253,72.29914093017578,5905700
2022-01-05,72.5347316532178,72.8739878212406,70.76305895581807,70.8101806640625,5101900
2022-01-06,71.2059804950772,71.61120275993342,70.433231895789,71.12117004394531,4059900
2022-01-07,70.61228127559613,71.07404381183017,69.91492458152142,70.0939712524414,5497700
2022-01-10,69.3871980268779,69.60394784447561,66.07946078656757,68.3128890991211,7964500
2022-01-11,68.3128728108204,70.33898379314451,67.92650217126781,69.93376159667969,5682300
2022-01-12,70.12224721838773,71.07404242080656,69.00081674828999,69.17987060546875,5654100
2022-01-13,69.78298893747109,69.86779937896486,68.1903702094135,68.42596435546875,6149400
2022-01-14,67.69092309015241,67.82285525882547,66.23023626443278,67.07837677001953,6631100
2022-01-18,66.19254172496139,66.59776402006021,64.79782814399151,64.9391860961914,9601600
2022-01-19,65.35382598784324,66.28677695454404,64.49626688647042,64.5622329711914,6621100
2022-01-20,64.72242906385745,65.56114371306306,63.3842559370084,63.45022201538086,6669000
2022-01-21,63.2051933040573,64.76011600973332,62.752849408133216,63.57271957397461,8652900
2022-01-24,62.630343098539335,65.15591247755795,62.055492842100456,65.08052062988281,10903800
2022-01-25,64.08161097086489,65.28785190936613,63.02614655479474,64.72242736816406,8265700
2022-01-26,65.22188710437011,66.87104624239205,64.43029416920595,65.11822509765625,7358200
2022-01-27,66.37158384934725,67.1726025168539,65.25957918006038,65.60826110839844,6184700
2022-01-28,65.51401704980465,67.28568963170456,64.68472824301418,67.26683807373047,7180600
2022-01-31,66.9841383901845,67.94535947257948,66.7202740612825,67.8228530883789,4543000
2022-02-01,68.03017588621056,68.73695840718457,67.6437979903249,68.60502624511719,4461700
2022-02-02,68.52021099353854,68.92543327395283,67.25742962977915,67.87939453125,5400500
2022-02-03,67.37993429824431,67.69092033593333,65.64596461494249,65.78731536865234,5802300
2022-02-04,65.26901063408486,65.75904334241821,64.24181631791961,65.19361877441406,4991100
2022-02-07,65.57998918905047,66.07002908502443,64.63761251653808,65.35382080078125,4750800
2022-02-08,65.3161142650262,66.64486860859093,65.0051354778143,66.3810043334961,4464500
2022-02-09,67.15662195566134,68.2065359184773,67.02420102489171,67.60118103027344,4041800
2022-02-10,66.33369889944107,67.83763228808341,66.24857427070172,66.81609344482422,3856000
2022-02-11,66.63639378022746,66.86340728263609,64.78249347562192,64.98112487792969,4807400
2022-02-14,65.06624452408249,65.27433658733808,63.94065957268999,64.3095474243164,6472000
2022-02-15,64.75411938587182,65.36893500040063,64.55548798112862,65.16084289550781,6474200
2022-02-16,64.69737423676759,65.11355125986587,62.66375654339983,63.467742919921875,5802000
2022-02-17,62.67320784262659,63.23126642878514,61.34899136537679,61.642208099365234,6591000
2022-02-18,61.594906453117474,62.90966196239576,61.443564159135455,62.569149017333984,6050800
2022-02-22,62.4840347980224,63.28802833289186,61.4530421909448,61.7178840637207,8055300
2022-02-23,57.62226823144313,62.27593636523001,56.6101899110903,59.11674118041992,25852500
2022-02-24,58.18033420539622,61.29224413817202,57.68848606192624,61.18819808959961,9786500
2022-02-25,61.14090506999382,63.23127241999962,60.82876690761831,63.165061950683594,6400700
2022-02-28,61.85977253373762,62.76780500487718,61.49088456784969,62.52187728881836,7647800
2022-03-01,62.57861944397821,62.748868726580184,60.08152532803201,60.440956115722656,6279400
2022-03-02,60.951728418149386,63.921752980222166,60.923353536409714,62.54078674316406,8125200
2022-03-03,62.45565058679046,62.54078244255462,61.48140789325953,62.15297317504883,5186300
2022-03-04,61.40575007998411,61.661138486374966,58.82353082032268,59.15458679199219,8971500
2022-03-07,59.060000024714455,59.599144527129695,54.92655763679748,55.1724853515625,11448700
2022-03-08,55.02113516991958,57.78307137235534,54.78466818993911,56.7520751953125,11952400
2022-03-09,58.36004967494845,59.25862489424872,57.839823055837655,57.877655029296875,5773800
2022-03-10,56.5818124628843,58.71947574757626,56.3453455088909,58.691097259521484,5809100
2022-03-11,58.927571758539194,59.126203159358354,57.943868238006445,58.10466766357422,5300600
2022-03-14,58.20872032347762,58.72894702630345,57.650658032904396,57.934417724609375,4889200
2022-03-15,58.41679544132907,59.428877336341486,58.047907565899955,58.378963470458984,6422200
2022-03-16,59.050540732558915,60.2045008707095,58.21817586529292,59.15458679199219,8278000
2022-03-17,58.520844920424054,59.334291877248184,58.12358214143532,58.88027572631836,8139200
2022-03-18,58.643813143123054,59.230250264258316,57.92495508575079,59.059993743896484,11728300
2022-03-21,59.42888518339938,59.42888518339938,57.20609333025823,57.6884880065918,7342900
2022-03-22,58.104667250239366,58.927571339350514,57.67902595994057,57.82090759277344,13372400
2022-03-23,57.35744169765333,57.44256997200686,56.20348144712782,56.26023483276367,8240700
2022-03-24,56.49668785855621,57.064210749659196,55.78728695082717,56.81828308105469,8633000
2022-03-25,57.4520176410786,58.114122282300045,56.789909391657474,57.97224426269531,10110400
2022-03-28,57.13043049581756,58.65327499430995,57.09259490862267,58.64381790161133,10417000
2022-03-29,59.249164400788096,60.99901856430077,59.23970730944031,60.82876205444336,9812500
2022-03-30,59.94911679423357,60.30854404798447,58.48302206833332,58.64381790161133,7937100
2022-03-31,58.26546032146529,58.84244030910994,57.215549999124626,57.30067825317383,10282200
2022-04-01,57.433095345884176,57.735772760475975,56.7804442390086,57.59389114379883,5762000
2022-04-04,57.518229971586,58.92757116300241,57.16825624049888,58.71002197265625,5855000
2022-04-05,57.1209577722019,58.719476716830854,56.912865694629026,58.369503021240234,6130300
2022-04-06,57.61281061517303,57.783067116876275,56.54397893408032,57.253379821777344,8641500
2022-04-07,56.714244304176304,58.39789179449112,56.250771005666095,58.01008605957031,7628300
2022-04-08,57.94386355578261,58.93702769602426,57.58443636663946,58.22762680053711,7604400
2022-04-11,58.62489382725953,59.93019258003911,58.42626242806693,58.511390686035156,6230000
2022-04-12,59.02215910836224,60.573381905581286,58.96540573473237,59.42888259887695,5873900
2022-04-13,59.655887497683615,60.54500562299544,59.362667153008495,60.25178527832031,6107600
2022-04-14,60.403125830900215,60.90443467290019,59.18295535050808,59.31537628173828,6511000
2022-04-18,59.04107595183407,59.693727149287724,58.73839849523523,59.059993743896484,4521800
2022-04-19,59.18295136176175,62.07730468700788,59.05053043945631,61.88813400268555,9021100
2022-04-20,62.66375308066228,63.77987757513234,62.59754261134626,63.165061950683594,7942800
2022-04-21,63.94068562798573,64.59333696207399,62.18137028806187,62.370548248291016,7815200
2022-04-22,60.847684907058536,61.8313884079111,59.239708724549494,59.31537628173828,5424600
2022-04-25,58.91811902325318,60.0058650664063,57.95333322310862,59.95857238769531,6331700
2022-04-26,59.258635739384616,59.82615513533294,58.09521484375,58.09521484375,5744200
2022-04-27,58.085748457259996,58.65326776240793,57.44255798705248,58.14250183105469,7501700
2022-04-28,58.97485937658138,60.261240238015375,58.35058673596777,59.91127014160156,4236400
2022-04-29,59.362675687502815,59.61806048734917,57.75470293085568,57.962791442871094,6981400
2022-05-02,58.341125692941915,58.96539829126681,57.262836987489756,58.92756271362305,8136500
2022-05-03,59.26808223221978,59.28700002312795,58.00061910696977,58.66272735595703,4447700
2022-05-04,58.62489296209423,60.667967514980965,57.94386690839873,60.60175704956055,4747200
2022-05-05,59.56129850963101,60.10044288497941,57.62226656831897,58.369503021240234,5940400
2022-05-06,57.90603158543838,57.90603158543838,55.82512157030301,57.13987731933594,6099000
2022-05-09,56.54398019606021,57.81144328802815,55.64540860481543,55.93862533569336,8264800
2022-05-10,56.354818429965384,56.666953000669245,52.46730028587088,53.15778350830078,9331900
2022-05-11,53.647463853638094,53.89468922864653,52.16412611254461,52.28773880004883,8399600
2022-05-12,51.935925098863926,53.52386174539477,51.812316022543854,53.248111724853516,8510600
2022-05-13,53.93272972855763,54.74095851889353,53.31466985789633,54.37963104248047,8036400
2022-05-16,53.8566564655039,54.05633599714919,52.82973056901427,53.36220932006836,7952300
2022-05-17,53.095976526688595,53.44779340614007,51.05162784763293,53.428775787353516,13982300
2022-05-18,58.43029275608947,59.94215887886368,56.11019421732876,57.232208251953125,26649700
2022-05-19,56.690219016186276,59.80903935765636,56.100687384719706,58.39225769042969,13905700
2022-05-20,55.729855786655584,56.90891911038863,52.98187340256763,55.02621841430664,15719000
2022-05-23,55.2544227365952,58.11650702411129,54.912112881133694,57.3463134765625,9251700
2022-05-24,56.290856765753794,56.92793059135125,55.606237085628045,56.74726867675781,6998800
2022-05-25,56.52857263292611,58.73456539279488,56.10068532449477,58.21159362792969,6851700
2022-05-26,59.74247720229572,61.140241198091054,58.80112512554305,60.95957565307617,10821900
2022-05-27,60.645791566375664,61.65369987979211,60.255939484778075,61.415985107421875,6524400
2022-05-31,61.08318745172679,61.08318745172679,59.55230732507761,60.44611358642578,7561200
2022-06-01,61.19728638602234,61.26384622645844,59.20048029122176,59.428688049316406,4158800
2022-06-02,59.84706909823882,60.75038594831086,59.59984733380077,60.63628387451172,3436900
2022-06-03,60.47463321634555,60.73136559123936,58.867682751905846,58.98178482055664,4894200
2022-06-06,59.352620834579255,59.46672653348866,58.36373016804061,58.696529388427734,3905100
2022-06-07,56.96597829602825,58.26865447059179,56.35742894812236,58.049957275390625,6706100
2022-06-08,58.08798551548036,59.314594687340616,57.54599609112161,58.411277770996094,4250000
2022-06-09,58.164048789919526,58.62997133997045,57.66960525512695,57.66960525512695,3852300
2022-06-10,56.4715178696572,57.336799451954626,55.87247565814686,56.07215881347656,4862700
2022-06-13,54.474724923477325,55.225904568702006,54.227499498022105,54.512760162353516,7137400
2022-06-14,54.55079177398969,55.45410874747911,54.36061920684875,54.512760162353516,5863800
2022-06-15,54.721941309556335,55.33049056242827,54.046832208854006,54.798011779785156,7151900
2022-06-16,53.752060922437465,54.17994822027911,53.210071554251186,53.951744079589844,9118900
2022-06-17,53.685501550771264,54.54127615397271,53.267124871005805,53.83763885498047,12330100
2022-06-21,54.93112200533407,55.41605847410107,54.22748478598299,54.66488265991211,6140000
2022-06-22,54.113384710609,54.90259940951599,53.94222980306867,54.26552200317383,6373500
2022-06-23,54.56030051663414,54.94064201056561,53.58091309915184,54.484230041503906,4435500
2022-06-24,54.97867003456088,57.34631066736052,54.75046589359189,57.27975082397461,7373800
2022-06-27,57.755179318715065,57.90731661905909,56.595130136567285,56.870880126953125,5093800
2022-06-28,57.17515430666287,57.6125485885265,54.61734120271038,54.65537643432617,5850400
2022-06-29,54.512749846572206,54.70291875048629,53.951742874651245,54.284542083740234,3741100
2022-06-30,53.314670360393045,53.88518437927323,52.8202231846517,53.1054801940918,5708300
2022-07-01,52.86776015095036,53.36220727745937,51.86935890370149,53.28614044189453,5391800
2022-07-05,52.715631341641156,55.44459978475053,52.61103987930154,54.75047302246094,8365000
2022-07-06,55.01670847628798,55.78690203103337,54.26552891169958,55.12130355834961,5698600
2022-07-07,55.33049245092141,57.01351357616112,55.19737275071711,56.566612243652344,6823900
2022-07-08,56.462012821254575,56.84235427445366,55.98658328432608,56.04363250732422,5960500
2022-07-11,55.77739603146035,56.16724812695012,55.27344185679397,55.530174255371094,4086300
2022-07-12,55.45410199764964,56.661693480681464,55.406559768461214,56.081668853759766,5367300
2022-07-13,55.17835284782752,56.519064044320686,54.92162045353228,56.1767578125,5630600
2022-07-14,55.1783525451562,56.09118004005645,55.140320937766724,55.862972259521484,4195900
2022-07-15,56.63316351906369,57.603040137299544,56.47151560240477,57.584022521972656,7248800
2022-07-18,58.011911029728864,58.70604135195325,57.47943226494024,57.5174674987793,7520700
2022-07-19,58.28766518039009,59.67591866911067,57.992901165268755,59.571327209472656,5848000
2022-07-20,59.466724417179556,60.160851071598216,59.267044892053505,59.94215393066406,4128900
2022-07-21,59.856578046768014,60.65529979550984,59.60935266200253,60.607757568359375,2966200
2022-07-22,60.85498544031246,61.48255595981588,60.08478822502718,60.62677764892578,5040100
2022-07-25,60.474642258554425,60.626779581916274,59.656906412509414,60.17987823486328,5311500
2022-07-26,57.973882934657865,58.287664564737256,57.39385827881805,57.679115295410156,7473500
2022-07-27,57.34631025613387,58.28765867854958,56.870880734078426,57.81222915649414,5908600
2022-07-28,58.021415406824296,58.54438712048423,57.47942607829175,58.18305969238281,5588900
2022-07-29,58.32569976562201,58.7250588631616,57.13712584117361,58.154544830322266,6669200
2022-08-01,57.840763846330056,59.75198914219992,57.76469337324081,59.571327209472656,6196900
2022-08-02,59.24802791103005,59.41918282789738,58.078471730596235,58.6109504699707,5947300
2022-08-03,59.18146279999581,60.44610332066529,58.87718459813378,60.113304138183594,3711800
2022-08-04,60.57923409456354,60.807441880968476,59.91363198039215,60.17036437988281,3445700
2022-08-05,59.41918197044259,59.99920292785695,59.17195659309545,59.73296356201172,2640400
2022-08-08,60.284469379104316,61.11171216679813,60.25594113911374,60.55070877075195,4694100
2022-08-09,60.38905564813991,60.43660150162729,59.171957245441604,59.61886215209961,5572400
2022-08-10,60.817835496752004,61.38149450255088,60.091768060251795,60.21596145629883,5284900
2022-08-11,61.066222665987674,62.3655046196276,60.922921760280566,61.53435134887695,4339900
2022-08-12,61.591673587253894,62.57568704170612,61.133104104274615,62.547027587890625,5058400
2022-08-15,62.3368434002939,63.425946288093826,62.17443498288577,62.45148849487305,5306500
2022-08-16,62.31774223060494,64.75389046365828,62.31774223060494,63.67434310913086,7562200
2022-08-17,63.02470567744207,66.65504656933997,62.54702866886819,65.47996520996094,12745900
2022-08-18,64.7538905641545,65.25067870753395,63.9609450241115,64.97362518310547,6770700
2022-08-19,64.60104180491973,64.8016652755495,63.27310029305651,63.435508728027344,6078500
2022-08-22,63.05335623455075,63.05335623455075,60.951576964521884,61.515235900878906,4734900
2022-08-23,61.43881023394259,61.80184940000409,60.846491804967236,61.03756332397461,4163700
2022-08-24,60.798731671622974,62.05024315526981,60.435696109133225,61.49614334106445,5563000
2022-08-25,60.95159028538562,62.556589094426045,60.6363253303929,62.18399429321289,6919000
2022-08-26,62.36550594409134,62.80496789527714,60.072658604609266,60.082210540771484,4409900
2022-08-29,59.75738945247138,60.88470741650814,59.66185551425245,60.30194091796875,4351400
2022-08-30,60.65542822856752,60.86560363442178,59.24150107434962,59.76694869995117,4707400
2022-08-31,59.356150719431206,60.02489931229215,59.098204677425414,59.56632614135742,6310100
2022-09-01,59.65229871085303,61.05667016907392,59.28926683755481,60.98979568481445,4530800
2022-09-02,61.31461547886231,61.68720292821694,60.31149458189537,60.68408203125,4055300
2022-09-06,60.69363649796671,61.00890505711272,59.43256955015502,60.082210540771484,4359200
2022-09-07,60.043987667692726,63.02469428642202,59.99622070434596,62.90049362182617,4732800
2022-09-08,62.117105260500836,63.531032191522016,61.78273286461556,63.50237274169922,4956800
2022-09-09,63.29219970025253,63.999159588123646,63.16800630970439,63.64568328857422,4376300
2022-09-12,63.99916468646498,64.7730064102455,63.52148766954214,63.98961639404297,3635000
2022-09-13,62.422821527080764,63.06291419184915,61.496134348839284,61.67764663696289,5416900
2022-09-14,62.002471895036315,62.20309534691416,60.865598378956435,61.48657989501953,4648100
2022-09-15,61.78273684008686,62.88139531620838,61.620328421459625,61.983360290527344,4366100
2022-09-16,61.41015038098472,62.33684487327371,61.152208023051614,61.773189544677734,6657200
2022-09-19,61.38149923071631,62.661670190769165,61.30506915552037,62.61390686035156,4047700
2022-09-20,62.050233820815436,62.09800443204116,59.958010060391764,60.875152587890625,4707100
2022-09-21,61.16175888985064,62.09800900186167,60.149085998535156,60.149085998535156,3093300
2022-09-22,60.19684711686717,60.51211565045632,59.21283377454805,59.241493225097656,5146200
2022-09-23,58.88801438032366,59.11730092206279,57.99953495321169,58.5345344543457,4677700
2022-09-26,58.64918154923865,59.24150000954108,57.4740965651156,57.617401123046875,5108300
2022-09-27,58.21927127934852,58.93578677727263,57.139723886434304,57.86579132080078,4400200
2022-09-28,58.33391049867704,59.891134733125966,58.02819754195174,59.52810287475586,6416700
2022-09-29,59.098190543457854,59.203280051480995,58.0664066221969,58.60140609741211,4500700
2022-09-30,58.08550997355348,60.540768933733666,57.11104866589039,59.34657669067383,8322100
2022-10-03,60.21595974994962,60.75095928679055,59.05043038111165,60.091766357421875,5927700
2022-10-04,61.41970875175204,62.623456817264504,61.285959776558705,62.4992561340332,5831300
2022-10-05,61.916491336007205,63.20622508636434,61.80185351910271,62.86229705810547,4066900
2022-10-06,63.10114063482072,63.65524046820997,62.00248197226352,62.18399429321289,5122500
2022-10-07,61.62988749303289,61.954704348688736,61.08533236980939,61.7063102722168,5153100
2022-10-10,62.09800931277101,62.44193733206662,60.79872730404816,61.457923889160156,3169400
2022-10-11,61.05666989500554,62.403718798792006,60.827383346869404,61.48657989501953,4251400
2022-10-12,61.543903532025794,61.75408258028302,60.77962105343542,61.02801513671875,4700900
2022-10-13,59.70962475388531,62.82408082190428,59.47078625486977,62.26997375488281,5318500
2022-10-14,62.90050354579351,63.52148510043233,60.61721172473775,60.712745666503906,4234800
2022-10-17,62.29863548714151,63.435509116444,62.11711588884338,62.94827651977539,5570900
2022-10-18,64.40041288416984,64.80165979147236,63.339969422890185,63.84630584716797,4674600
2022-10-19,63.70301000581336,64.33353990508463,62.4801579561464,63.148902893066406,3190500
2022-10-20,63.330415982698035,63.84630800470846,62.28907635805503,62.44193649291992,3985200
2022-10-21,62.39416696973509,65.02139045129827,62.35595193535056,64.59148406982422,5865200
2022-10-24,64.89719997181774,66.20603762539419,64.6679170439819,66.09139251708984,5044200
2022-10-25,66.78881433412766,68.1549638165898,66.2920260779833,67.31425476074219,6383500
2022-10-26,67.60083609900495,68.66127938708891,67.26646373086385,67.744140625,4420100
2022-10-27,67.9352150177754,69.26315632841853,67.87789611735883,68.69950103759766,5216700
2022-10-28,68.6421716253209,69.73127441472727,68.06896078175511,69.26315307617188,6658900
2022-10-31,68.94787116804771,69.75037202417144,68.75680335356441,68.88099670410156,5887400
2022-11-01,69.32047686925387,69.66440485743553,67.33334629048102,68.55619812011719,5222500
2022-11-02,68.4606701659287,69.44468360574433,67.13272141912529,67.1518325805664,4432400
2022-11-03,67.06584808455247,68.53709412359399,66.82700958384,68.02120208740234,3886500
2022-11-04,68.5562169267812,69.0912129268167,66.94166605539347,68.01166534423828,4970400
2022-11-07,68.29824599443212,69.09119145431626,66.97030470078116,68.9001235961914,5189900
2022-11-08,69.35869945129495,69.40647006715459,67.31424245939172,68.29825592041016,4279400
2022-11-09,68.67718685029661,69.2240020690968,67.08473170933762,67.22863006591797,3797900
2022-11-10,69.99144971293926,71.23855907924322,69.59813533428856,70.9891357421875,5848100
2022-11-11,71.44000394507944,71.94843840544212,70.21208510066235,70.89319610595703,5988600
2022-11-14,70.47109830594388,71.15220933102664,69.97225900552196,70.08737182617188,6371000
2022-11-15,71.4208155229914,73.00368267440818,71.21936076829819,72.06356048583984,9634900
2022-11-16,71.35366836793648,76.16942170606049,71.32489016104708,75.80487823486328,12943900
2022-11-17,73.81909420852615,75.00864698239484,72.73507371452219,74.81678009033203,9709100
2022-11-18,75.75689907654436,76.73539447419844,74.57694164037048,74.9798583984375,6860200
2022-11-21,74.24118906597141,75.84323908248916,74.24118906597141,75.78568267822266,5493300
2022-11-22,76.26534369226883,77.17668763898955,75.48830290992856,76.85052490234375,8887400
2022-11-23,76.74500136834621,77.57001071857381,76.62988123146316,77.26303100585938,6499000
2022-11-25,77.7043074302376,77.86738878804383,76.9272666980066,77.73308563232422,2454100
2022-11-28,76.73539219200579,77.62755296287978,76.59149387690245,76.77376556396484,5328900
2022-11-29,77.07116777021825,77.2150661184106,76.18860196913373,76.89849853515625,4771300
2022-11-30,76.74500782191612,76.89850135066762,75.69936060345017,76.79297637939453,10392200
2022-12-01,77.11912183411977,77.11912183411977,75.56503313983181,76.49556732177734,6758800
2022-12-02,76.07347392808909,77.40691753791423,75.64177896986791,76.92726135253906,4776700
2022-12-05,75.60342743182784,76.62030381540913,75.16214449211223,76.22698211669922,4443500
2022-12-06,77.07116465524382,77.84821277648705,75.67056924865891,76.13104248046875,4864100
2022-12-07,75.96795596746068,76.65866210895075,75.69934964998636,76.1694107055664,5222800
2022-12-08,76.74500630045638,77.12873279575349,75.29644225722251,75.47871398925781,6358500
2022-12-09,74.47142175147549,75.21969159928814,73.64641247122336,74.88392639160156,6594700
2022-12-12,75.37316351031791,75.57461820539814,74.63449629502372,75.55543518066406,5570200
2022-12-13,77.40692537154621,77.40692537154621,75.35399727590065,75.93917846679688,5808900
2022-12-14,76.15021552312858,76.64906206874424,75.36357964947874,76.06388092041016,4749300
2022-12-15,75.28684951628045,76.25574988829743,74.66329491675233,75.45952606201172,5929500
2022-12-16,74.99904260873059,75.49788182895956,74.28915349260653,74.49060821533203,12375900
2022-12-19,74.82637748241106,75.47871029681156,74.47142921080497,74.91271209716797,3914200
2022-12-20,75.05660664090156,75.20050497718515,74.31793924914014,74.43305206298828,3953200
2022-12-21,75.37318336256891,75.99673795575097,75.10457703171475,75.63219451904297,4109900
2022-12-22,74.97026743021475,75.22927856445312,74.16444118785753,75.22927856445312,3962100
2022-12-23,75.17172706279898,76.26534271240234,74.83596915616171,76.26534271240234,2318300
2022-12-27,76.40925247889152,76.74501043575303,75.70895103831647,75.8144760131836,3351500
2022-12-28,75.74731529685349,76.10226356219057,75.06620428956369,75.4883041381836,3052500
2022-12-29,75.91039218587404,76.63947170345061,75.73771565063153,76.11184692382812,2569600
2022-12-30,75.70893435215426,76.47638721495586,75.430732872363,76.36126708984375,3074100
2023-01-03,76.48598660736867,76.7258147253513,75.35399759773172,75.79528045654297,4264700
2023-01-04,76.6106948852539,77.31098889380148,76.01591851556455,76.6106948852539,4262700
2023-01-05,76.82173776399345,77.64674700293781,76.3420815701408,77.36854553222656,4762600
2023-01-06,77.82901379124118,79.69967739661283,77.57959783236996,79.35432434082031,4673100
2023-01-09,79.11449678813536,79.74763918218801,78.10721581522115,78.19355773925781,5960800
2023-01-10,78.1839753382883,79.1432879191262,78.08804554399934,79.08573150634766,3914400
2023-01-11,79.54618485267615,79.65170980537941,78.56768939548671,78.9226303100586,6035000
2023-01-12,78.82671933877829,78.96102252535897,77.75229384613289,78.5868911743164,5268800
2023-01-13,78.50054999682405,79.18166104877557,77.9537421202447,78.21275329589844,4649900
2023-01-17,78.24152144863451,78.73077284975254,77.98251030626213,78.23193359375,5283100
2023-01-18,78.34705073131157,78.65403044095396,76.42842571630324,76.56272888183594,4448800
2023-01-19,76.48599584863028,76.8697150285859,76.10226934970045,76.17901611328125,5280800
2023-01-20,75.92957208638622,76.30370330810547,75.32520063670727,76.30370330810547,10633100
2023-01-23,76.41883700881942,76.72581671503899,75.71853566580135,75.94876861572266,6463900
2023-01-24,76.15982077029209,78.01129423620526,75.83365802491636,77.99211120605469,7853700
2023-01-25,77.56041264570176,79.28717803955078,77.1191297826011,79.28717803955078,5111900
2023-01-26,79.43108953713258,79.68050555392594,78.48136475366111,79.10491943359375,5161200
2023-01-27,79.33513089566279,79.61333236412986,78.38541368880801,78.55809020996094,3920800
2023-01-30,78.56768899914641,78.85547833499835,77.91535625798652,78.19355773925781,4289000
2023-01-31,78.19356186083871,78.66362292412154,77.9921071194318,78.5293197631836,4795500
2023-02-01,78.65402368475993,79.40228620530343,77.73308463493925,79.0665283203125,5355400
2023-02-02,78.97060645432497,79.18165638002984,76.994425002677,77.11913299560547,9315300
2023-02-03,76.94645093103725,77.78105539948064,76.5627244862711,77.24383544921875,9091000
2023-02-06,77.23425385321467,78.50054610027873,76.78337579299945,76.88890075683594,4855100
2023-02-07,76.05429189286451,76.66825129171717,75.02782783675394,76.6106948852539,5448400
2023-02-08,76.47108033229922,78.00204638510986,75.91261435851372,77.32803344726562,6417800
2023-02-09,77.70355249535025,78.64716767714448,77.70355249535025,77.7613296508789,4560900
2023-02-10,77.08730092590147,77.41468025317323,76.82732949063119,77.27024841308594,3547300
2023-02-13,77.395431706239,77.98278256705557,77.25100718809539,77.5687484741211,5669600
2023-02-14,77.43395271878688,78.11758908771517,77.15471972086794,77.72281646728516,3736300
2023-02-15,77.3761701852001,77.87685894134796,77.08730648419731,77.65540313720703,3389300
2023-02-16,76.72143558585849,77.37618708450424,76.48071823115211,76.66366577148438,4739800
2023-02-17,76.6732893229467,77.1451006282722,76.4614642211334,76.8658676147461,4926200
2023-02-21,76.15333545197147,76.67328579675136,75.68153151445487,75.89336395263672,7122600
2023-02-22,75.29636819407828,75.6622631900939,73.9676113481036,74.58384704589844,10844400
2023-02-23,74.96900672927781,75.08455369364354,73.3706401130469,74.86309051513672,6463800
2023-02-24,74.31424467839666,74.81493342693234,73.6498625838566,74.3238754272461,6312100
2023-02-27,75.12306382195274,75.12306382195274,73.6402514802809,74.0446548461914,5270000
2023-02-28,74.14093225027801,74.41053446490152,73.59209707162033,73.75578308105469,5626300
2023-03-01,73.28398962244437,74.05428807038538,72.92772530470232,74.00614166259766,5512900
2023-03-02,74.33351353616484,74.62237728992486,73.24547377640828,73.86170959472656,4878500
2023-03-03,74.20833684488309,75.03640503266666,73.94836536551372,75.01715087890625,3864100
2023-03-06,74.77643879610723,75.86447853954604,74.622376170783,75.34452819824219,5819900
2023-03-07,75.66227060892372,75.72004041559737,73.98687275429089,74.1216812133789,5224700
2023-03-08,74.56461049712593,74.89198257494121,73.71728070304268,74.31426239013672,3811600
2023-03-09,73.89060079652516,74.1409489147067,71.75302940568443,72.18632507324219,7948600
2023-03-10,72.244089272477,73.00475697333327,71.43528250970962,71.54119873046875,4880200
2023-03-13,70.75163266407239,71.75301017621192,70.21242091202525,70.80940246582031,5484600
2023-03-14,71.83003775031449,72.23444103379272,71.24268697597812,71.98410034179688,4303800
2023-03-15,70.94420685537025,71.73375934899128,70.52054203329234,71.40638732910156,6420700
2023-03-16,71.03087187769076,72.12854974395266,70.83830093756647,71.8300552368164,5314400
2023-03-17,71.29085080198699,71.99374134567364,70.85755516708942,71.71451568603516,7790200
2023-03-20,71.82041272107773,72.93734455994331,71.79152781940178,72.600341796875,4368400
2023-03-21,73.38990285850038,74.26611014494716,73.17807042662463,73.52470397949219,4539400
2023-03-22,73.96761389701277,74.05427594762192,72.32110839653122,72.34036254882812,3820700
2023-03-23,72.44629104168143,73.01438780328793,71.39676692988961,71.85894012451172,5003700
2023-03-24,71.67599276423323,72.17668156599933,70.9153251386559,72.09002685546875,4643500
2023-03-27,72.55220792780773,72.90847225093309,71.99374191191735,72.58109283447266,3873900
2023-03-28,73.03363835968172,73.39953341234558,72.60035009281256,73.3802719116211,3209800
2023-03-29,73.55358661394509,73.97725146461804,73.2936151303748,73.70764923095703,3766400
2023-03-30,74.42017084015134,74.96900606029857,73.75578865666947,74.05428314208984,3034000
2023-03-31,74.54533241629002,75.4985782226361,74.28536096208323,75.45043182373047,5104800
2023-04-03,75.19046362674082,75.95113129084248,75.10380891182157,75.93187713623047,4464500
2023-04-04,76.25924381212677,76.44219132554103,75.64300806243718,75.72003936767578,3102800
2023-04-05,75.7778009300036,75.835578075702,74.96899435131375,75.1423110961914,3893900
2023-04-06,74.99789203090893,75.27712502002197,74.5068266123922,75.1519546508789,3085900
2023-04-10,74.56460386283158,75.67189772430726,74.56460386283158,75.46969604492188,3899100
2023-04-11,75.80669333900592,75.98001008425645,75.05564921218102,75.43116760253906,4367200
2023-04-12,75.34452404910584,75.5948721284162,73.62098709028321,73.8520736694336,4828400
2023-04-13,74.15057117023484,74.55497453673074,73.69802139748982,74.33351135253906,5033000
2023-04-14,74.3527603276854,75.20008257371077,73.75577878287339,74.3238754272461,3927000
2023-04-17,74.57422412947983,74.74754089681971,74.11205098064663,74.72828674316406,4362200
2023-04-18,74.80531825389204,75.15195178951657,74.55497017902769,74.87271881103516,3087100
2023-04-19,74.72828466052371,75.14231874062398,74.59348355036173,75.11343383789062,2476900
2023-04-20,75.09417079639707,76.26887245749114,74.86308423316673,76.13407135009766,4634400
2023-04-21,76.48069907264512,76.75030126700288,75.4504293464301,75.51782989501953,4009600
2023-04-24,75.8740916372241,75.96074633422509,75.23859447478239,75.6141128540039,4041900
2023-04-25,75.40228101275592,75.54671285491247,73.90983823342785,73.98686218261719,4275800
2023-04-26,73.60172369819698,75.00751184292325,73.39952204855575,74.58384704589844,5043300
2023-04-27,74.95937216562486,76.05704255987219,74.95937216562486,76.00890350341797,5084000
2023-04-28,75.96076451513909,76.10519639081856,75.23861248285209,75.89336395263672,3448000
2023-05-01,76.10519336837197,76.19184808267202,75.07492347040315,75.41192626953125,3607500
2023-05-02,74.94010449953603,75.3926541560407,73.72688736556093,75.33487701416016,3652300
2023-05-03,75.55635755809566,75.86447545008622,74.8919753691338,74.94974517822266,4199200
2023-05-04,74.86307959071125,74.91122598869869,73.81355569878725,74.20832824707031,2657900
2023-05-05,74.75718255043564,75.72968273935989,74.52609594231383,75.58525085449219,3987900
2023-05-08,75.96075132925019,75.96075132925019,75.13268322161511,75.45043182373047,3066600
2023-05-09,75.39267224422055,75.8644761638082,74.9016068240154,75.6718978881836,3278100
2023-05-10,76.28398843436239,76.35167579589988,74.58212528765948,75.404052734375,3830500
2023-05-11,75.58776643696358,75.76182069492586,74.88188505221608,75.48139953613281,3981500
2023-05-12,75.6941385500683,76.64176899253175,75.4233891028985,76.38068389892578,6158400
2023-05-15,76.2839944004992,76.69011860148693,75.85852673620555,76.6321029663086,6987400
2023-05-16,76.21628672775601,76.81580851522686,75.62643666936134,75.6361083984375,8043500
2023-05-17,76.1196047031011,78.63371614885543,74.80452966180765,76.34200286865234,11852400
2023-05-18,76.10993694000801,77.10591131495926,75.51041501783969,76.65143585205078,5139300
2023-05-19,76.41936129836371,77.00921145342774,75.77149551407007,76.72879028320312,6441200
2023-05-22,76.65143599161335,77.10591145534931,75.80050807437264,75.83918762207031,5500900
2023-05-23,75.42339182864157,75.71348474816102,74.77552600273343,74.93023681640625,5433600
2023-05-24,75.24933808980748,75.42339236728832,74.20501242492251,74.2823715209961,4693000
2023-05-25,74.45642444428191,75.1139619942093,73.26705234023335,73.43144226074219,7042200
2023-05-26,73.43143876371059,74.64014689517873,73.28639231246062,74.4564208984375,4419300
2023-05-30,74.41773267372392,74.63046646043054,73.93424947752453,74.2243423461914,4517400
2023-05-31,73.73118657302088,74.51442698110438,73.15100821972317,74.25334930419922,7077200
2023-06-01,73.91492649332395,74.57246405176441,73.76988003328852,74.11798858642578,5223600
2023-06-02,74.79485802587187,75.89719925638738,74.64981157398951,75.52975463867188,4910200
2023-06-05,75.33636673185333,76.28398981047268,75.33636673185333,76.2549819946289,4988400
2023-06-06,76.23563344592029,76.75779622837617,75.9842274738024,76.07125091552734,5110600
2023-06-07,76.06158916978418,76.30333079713178,74.70783458116385,75.52975463867188,5521300
2023-06-08,75.53941555158927,75.76181368557324,74.8818781242736,75.1913070678711,4746800
2023-06-09,75.70380293768362,77.02854960697076,75.50074087200342,76.73845672607422,4629800
2023-06-12,77.03821351735425,77.58938408599889,76.71911282567358,77.38632202148438,4553400
2023-06-13,78.03420125507724,79.1462143146519,77.90849825359719,78.35330200195312,5186300
2023-06-14,78.18889929427137,78.37262526069038,76.99952744315881,77.26061248779297,4902500
2023-06-15,77.31864361818567,78.8947964218207,77.22194843970321,78.78843688964844,5003400
2023-06-16,79.29125198774076,79.45563452007366,78.2662698715841,78.57569885253906,8394200
2023-06-20,78.2565988283605,78.81744116669492,77.66674867552064,77.73443603515625,6513600
2023-06-21,77.98585169443565,78.48867104124953,77.51204016298442,78.1985855102539,4920500
2023-06-22,79.06885069403684,79.11720197196269,78.26627407300003,78.78843688964844,3763900
2023-06-23,78.48866648538497,79.57167158606545,78.3822995836499,79.3492660522461,4912100
2023-06-26,79.32993681405573,79.56200672088019,78.95282044895248,79.0205078125,3650300
2023-06-27,79.60067222679417,80.5289590677128,79.60067222679417,80.0648193359375,4318600
2023-06-28,80.04547460178632,80.58697340602029,79.58133487740518,79.929443359375,3972600
2023-06-29,80.58698207808261,81.06080096014347,80.34524046055436,80.97377014160156,4138700
2023-06-30,81.22517799146001,82.4145499152341,81.11881109675792,81.98908233642578,4579900
2023-07-03,81.62164240739656,82.09545390700367,81.4572525024414,81.4572525024414,2181800
2023-07-05,81.25418809418721,81.95040510555137,81.10914165392494,81.90205383300781,4912900
2023-07-06,81.60230822234607,81.93108069225826,80.59666210462854,80.6836929321289,4677100
2023-07-07,80.25820962551019,80.49995122076776,79.81340597552044,79.9681167602539,4533100
2023-07-10,79.53298425909011,80.89641038752542,79.53298425909011,80.80937957763672,3807000
2023-07-11,81.18650977223466,82.02777331746397,80.8384012278204,81.94074249267578,3722600
2023-07-12,83.30417030193786,83.57491975732671,82.3372037456237,82.43389892578125,6298800
2023-07-13,82.52092072755829,82.85936491740824,81.9504140118578,82.13414001464844,6468300
2023-07-14,81.86337829049957,82.13412769988942,81.2155052010389,82.11478424072266,3865200
2023-07-17,82.35653623784744,83.02374549335492,81.97941988752642,82.28884887695312,3126500
2023-07-18,82.30819087720056,82.84001802410795,81.76668462229136,82.34687042236328,4254000
2023-07-19,82.15347094131,82.90770361244635,82.02776795524353,82.76265716552734,3002300
2023-07-20,83.00439306556434,83.35250156323764,82.54025332024544,82.60794067382812,2904100
2023-07-21,82.93671697823571,83.26548943841844,82.54026453264476,82.75299835205078,3575500
2023-07-24,82.67563199126236,83.81665270448214,82.59827290421086,83.72962188720703,2827400
2023-07-25,83.55557918980173,84.57088959304241,82.98506511595025,84.39683532714844,4648600
2023-07-26,84.32914922004535,84.73527338737654,83.78765033027042,84.53221130371094,3505400
2023-07-27,84.60956362509305,84.7062587937623,83.5265585548392,83.59424591064453,3708200
2023-07-28,83.87465880752454,84.54186794719045,83.56522987182124,83.98102569580078,3105500
2023-07-31,84.00037274982463,84.12607572436487,83.21712495922888,83.67160034179688,3202500
2023-08-01,83.67160226884577,84.35814753459532,83.37184504253254,83.51689147949219,3963500
2023-08-02,83.468542969124,84.01004181582626,82.72398205490839,82.78199768066406,3552500
2023-08-03,82.80135039896022,83.80699658585628,82.69498347879248,83.178466796875,3361300
2023-08-04,83.70061455148087,83.75863755578487,82.45322693079012,82.62728118896484,2470700
2023-08-07,83.15911588854772,83.73929429136618,83.05274898733799,83.43953704833984,2694800
2023-08-08,83.43954950148071,83.74897852098997,82.53059852907302,83.719970703125,3020000
2023-08-09,84.45089322847443,84.68385913615562,83.6452105156717,83.6937484741211,6829500
2023-08-10,84.20821959310013,85.2371591571602,83.6258011116671,83.67433166503906,4797800
2023-08-11,83.40254816186372,84.15969303084506,83.15017147610581,83.37342834472656,4656100
2023-08-14,83.79082147390402,84.65474385844485,83.5869753680312,83.68404388427734,6871700
2023-08-15,83.50931919138291,84.08203603814934,82.93660975046971,83.2569351196289,6082000
2023-08-16,86.14960962460405,87.54741974500547,85.26626922744707,86.69319915771484,15063200
2023-08-17,86.45054553367652,87.20769040044404,85.40219509053507,85.70310974121094,8543100
2023-08-18,85.90693834312079,87.00382652817473,85.73221207059561,86.89704895019531,7777700
2023-08-21,86.86794487951104,87.2465173042707,85.96519354219488,86.994140625,5617200
2023-08-22,86.39228848873337,86.67379233992702,85.8389898586913,86.4893569946289,4343500
2023-08-23,86.4116977352806,87.547422192787,85.99429650187106,87.37269592285156,4478900
2023-08-24,87.36298882208573,87.65420174716694,85.67397311183072,85.72250366210938,4747400
2023-08-25,86.20786599944906,86.56702767126114,85.2371659840305,86.21757507324219,4277800
2023-08-28,86.14962630501691,87.75128281044988,85.98460907992198,87.63479614257812,5083700
2023-08-29,87.36300049817086,88.54725568986036,87.33388068294133,88.30458068847656,4700000
2023-08-30,88.52783959159638,89.62473536298678,88.24634310062636,89.44029998779297,5520800
2023-08-31,89.29468404088846,90.14890471476598,89.19761552954401,89.77033233642578,6427600
2023-09-01,89.78974651863577,90.08095946968605,89.34322542465085,89.92564392089844,4450700
2023-09-05,89.78975260427401,89.78975260427401,88.86759053986881,88.93553924560547,4171000
2023-09-06,88.80934541391888,88.90641393765311,87.83864536486917,88.10073852539062,6003400
2023-09-07,88.22691062557033,89.04230236772533,88.12984211970367,88.77050018310547,4940900
2023-09-08,88.96464460069107,89.44028546353432,88.70255148841358,88.77050018310547,4720600
2023-09-11,89.12967919755661,89.33352532141893,88.56667138544906,88.89671325683594,4042200
2023-09-12,88.7802359337283,89.61503866557226,88.74140703854319,89.47914123535156,3678300
2023-09-13,89.84798851295108,90.2750988775134,89.4888342571629,90.19744110107422,5481900
2023-09-14,89.88681791795358,91.03224420653076,89.71209162288746,90.84780883789062,5182500
2023-09-15,90.4983602019844,90.66337741718272,89.62472875997429,89.73150634765625,7606900
2023-09-18,89.66355605527085,90.24597453765445,89.10054831309715,89.24615478515625,4274100
2023-09-19,89.11995134150078,89.41116426041948,87.8192170902621,88.33368682861328,6972400
2023-09-20,88.47930301711425,88.8772861504891,87.9162952617518,88.003662109375,5076200
2023-09-21,87.73186578522916,87.94542097613268,86.34376445020976,86.55731964111328,4975600
2023-09-22,86.49908471432641,87.26593866616733,86.33406747814459,86.54762268066406,4352200
2023-09-25,86.2855113389416,86.59613500286109,85.47982866488871,85.6739730834961,4273300
2023-09-26,85.80988763761876,86.17875099797575,85.24687981982086,85.29541778564453,3867300
2023-09-27,85.51867227359105,86.25640637962073,84.90713391284817,85.52838134765625,4913600
2023-09-28,85.99430868313763,87.01354663644679,85.99430868313763,86.95530700683594,6608600
2023-09-29,87.2173981055475,87.44066237586429,86.19816749545865,86.27581787109375,5420900
2023-10-02,85.95548433988222,86.98442392664613,85.76133990455217,86.08167266845703,4685600
2023-10-03,86.22728260382846,86.72233427061755,84.73240371813526,85.27599334716797,5094600
2023-10-04,85.32452892710256,85.78075909838249,84.47030821292635,85.4604263305664,4349200
2023-10-05,85.59633535164652,85.87783927012978,84.90713916743742,85.256591796875,3649500
2023-10-06,85.18863153936758,86.45053705831526,84.16939360734752,85.9651870727539,3947300
2023-10-09,85.29540964154624,86.13021221419974,84.78093243284107,86.11079406738281,3487100
2023-10-10,86.28552483183235,87.01354985228713,85.84871278190086,86.05255889892578,5786000
2023-10-11,86.58644128332557,86.94560296704383,85.994313661823,86.63497924804688,3916100
2023-10-12,86.76116497963076,86.93589127917922,85.64486588313875,86.31464385986328,2808300
2023-10-13,86.3243458186018,86.54761006301021,85.64485882405934,86.00401306152344,2846000
2023-10-16,86.39229950103523,87.66391412381788,86.28552190918366,87.05237579345703,6125100
2023-10-17,86.94559505503041,88.29486740593894,86.72233080582441,87.95512390136719,4373500
2023-10-18,87.6833406755432,88.50843426869343,87.61539196565681,87.79981994628906,3701100
2023-10-19,87.87746213698156,88.27545265701767,86.46995022230084,87.1979751586914,4276200
2023-10-20,87.32415947586462,87.3629883593933,86.2661001716544,86.4893569946289,4166200
2023-10-23,86.28551770106263,86.58643231477612,85.33423590022842,85.74192810058594,3395000
2023-10-24,86.2078649277836,87.440658079318,86.2078649277836,86.83882141113281,4186400
2023-10-25,86.74176349300727,87.00384926736724,85.8001831897456,86.3437728881836,3951300
2023-10-26,86.22726903727185,86.95529392126262,85.28568900237411,85.3536376953125,4031600
2023-10-27,85.33424303483832,85.87783268076336,84.37324467469493,84.63533782958984,3553200
2023-10-30,84.86829330492705,85.94577079593866,84.49943000576687,85.68367767333984,3453300
2023-10-31,85.79046235618979,85.8584110591813,84.7518136642608,85.48954772949219,6610000
2023-11-01,85.95548381954343,86.10108288784338,84.66445110436257,85.4798355102539,5079600
2023-11-02,85.72251181433585,87.63479193645829,85.50895663641413,87.28533935546875,8158100
2023-11-03,88.02306317116434,88.83844749477326,87.95511447753026,88.33368682861328,3978400
2023-11-06,88.32399250273062,88.74139380641435,88.02307786723306,88.18809509277344,4686800
2023-11-07,88.38223770596817,88.74139196518026,87.9648364109448,88.11043548583984,4438400
2023-11-08,88.2010504664781,88.82458541871546,87.9964537571305,88.09387969970703,8107400
2023-11-09,88.28872403595014,89.28248037459339,87.74312547048483,88.71739959716797,7382800
2023-11-10,89.08763670572252,89.16557299384358,87.42162868803644,88.85380554199219,6767300
2023-11-13,88.74662481311466,89.28247854505861,88.23026072585316,88.79534149169922,5520700
2023-11-14,89.67218850744649,90.85105926926072,89.54553555114497,90.12035369873047,7076000
2023-11-15,87.48982525178039,88.5712701975345,86.24274804452212,87.12934112548828,11607300
2023-11-16,86.47657735435287,87.38265262918972,85.01516610030129,86.09661102294922,9584200
2023-11-17,86.83705241974585,87.8308162165091,86.50580277623935,86.55451202392578,9344700
2023-11-20,86.37915262542471,87.48982459930167,86.07712257419703,87.23651123046875,7061600
2023-11-21,87.47033638935314,87.68467790241417,86.16481253070476,86.77860260009766,6659800
2023-11-22,87.36316784663184,88.07439130043672,86.92474741925896,87.6359634399414,4982200
2023-11-24,88.03540758557314,88.26923128647955,87.24624794931313,87.65544128417969,2066400
2023-11-27,87.40213099294398,87.59699027810943,86.72014207766917,86.80782318115234,6165500
2023-11-28,86.62272285393662,87.17805885166338,86.46683541374274,86.8468017578125,3865000
2023-11-29,87.13908844639789,87.29496845607193,85.58998857437864,85.83355712890625,5014600
2023-11-30,86.09661323754821,86.37915364590707,85.5315324208305,85.84329986572266,11206300
2023-12-01,86.03815096348954,87.09036886803058,85.65818462570341,86.74937438964844,4964500
2023-12-04,86.26224634933227,87.3729184429746,86.02842260149255,86.29147338867188,5884400
2023-12-05,85.96994583770456,86.12583326402356,85.19053100547436,85.73612213134766,3840200
2023-12-06,85.70690479737614,86.74937792122485,85.70690479737614,86.28172302246094,5102500
2023-12-07,86.48631013798662,86.9929368416235,86.22325939684096,86.60322570800781,4210200
2023-12-08,86.73963308509515,87.0026912884624,86.15507003656703,86.8370590209961,5124900
2023-12-11,87.35343031095744,88.54203861795472,87.35343031095744,88.43486785888672,4891000
2023-12-12,88.34717746480686,89.04865602023543,88.07438190061167,88.82456970214844,4237200
2023-12-13,89.18505990375178,89.52605438232422,88.53229798289564,89.52605438232422,5567000
2023-12-14,89.75988154472329,89.93525120229693,87.54828232771581,87.6359634399414,7156000
2023-12-15,87.10985074845298,87.80158446668078,86.30120146243627,86.99293518066406,9827600
2023-12-18,87.43135651921197,87.98669246439076,87.07087985583723,87.5093002319336,4367300
2023-12-19,87.21701528771163,89.02916573176273,87.21701528771163,88.9317398071289,4429400
2023-12-20,88.5810099656235,88.85380555689893,87.72365133116894,87.74313354492188,4783100
2023-12-21,88.07437514445647,89.13633028548576,87.9477147614236,89.02915954589844,5376200
2023-12-22,89.21428784941997,89.60399901452753,88.95123708701766,89.4870834350586,3463200
2023-12-26,89.55528705387403,90.48085204895138,89.46760593949041,90.40290832519531,3275600
2023-12-27,90.38341522216797,90.75364417929342,89.99371148453199,90.38341522216797,3525300
2023-12-28,90.5880331299501,91.27002220769624,90.30549267399144,90.84133911132812,3249100
2023-12-29,91.18231833888235,91.86431473523123,90.97772164991434,91.39665985107422,5342500
2024-01-02,90.69518032603054,91.80585973555328,90.44187438974419,90.88029479980469,5273500
2024-01-03,90.66595590749766,90.85107038661646,89.30197795542972,89.3409423828125,5337800
2024-01-04,89.45785563062758,90.68544318858682,88.96097371355229,90.39315795898438,5328000
2024-01-05,90.2665052373067,90.82184122857208,89.20454250442808,89.3506851196289,4533700
2024-01-08,89.23377592500857,90.55878951354805,89.23377592500857,90.43213653564453,4716100
2024-01-09,90.12036685190434,90.81210066765776,89.82808160778428,90.6854476928711,3609400
2024-01-10,90.68544191994604,92.02993760443977,90.68544191994604,91.71817016601562,4653800
2024-01-11,91.91301334060219,92.88728742273597,91.49408262108118,92.79960632324219,4287900
2024-01-12,93.18931872846206,93.18931872846206,92.3611872338468,92.58526611328125,2958900
2024-01-16,92.6339937461473,93.45238051531469,92.6339937461473,93.40367126464844,5972000
2024-01-17,92.97500004514026,93.13088007344702,91.88381011449982,91.96175384521484,5530800
2024-01-18,91.88379410071923,92.53656344028684,91.6402255595271,92.3124771118164,4390100
2024-01-19,92.71193272621414,93.23803423199296,91.84482188447481,93.04318237304688,4138600
2024-01-22,93.0626674506675,93.1893278526915,92.34170663062557,92.68270111083984,3974100
2024-01-23,92.70219813190602,93.19908009010203,92.53657329021493,92.61450958251953,3387500
2024-01-24,92.78013486658531,93.17958342133828,92.44887777503976,92.50733184814453,3438900
2024-01-25,92.9067901197813,93.44264391348771,92.59502266702187,93.05293273925781,4326700
2024-01-26,93.22829908020387,93.96874210847109,93.08215646592512,93.90054321289062,4163600
2024-01-29,93.90055983699433,94.3584699740122,93.16985406935905,93.92979431152344,3636500
2024-01-30,93.68621413146616,94.35845829999673,93.16010515188407,94.32923126220703,4112800
2024-01-31,94.5046058518764,94.5046058518764,92.22480758788478,92.46837615966797,4967000
2024-02-01,92.51707502969963,94.58253896251016,92.27350648525545,94.56304931640625,4608900
2024-02-02,94.44614410130872,95.52758906682922,93.77389251919534,95.00148010253906,3973400
2024-02-05,94.01744688177217,94.25127057512648,92.711923207996,94.16358947753906,5466200
2024-02-06,94.01745724926458,94.72868066276015,93.56929202378159,94.60202026367188,4410700
2024-02-07,95.03070726798973,95.7614129249716,94.89430947333624,95.31324768066406,4641900
2024-02-08,95.96601816813553,96.89157577620338,95.60553400264567,95.82962036132812,6246100
2024-02-09,95.71269753304534,96.52134692163524,95.48861862442845,96.20957946777344,3488200
2024-02-12,96.12189692564279,96.31674879398669,95.26453086543604,95.55681610107422,4062500
2024-02-13,94.67995540726298,95.51783171085019,94.64098355208202,95.43988800048828,4190200
2024-02-14,95.71656864788375,96.01962146667654,94.48479378874688,94.9931411743164,4765700
2024-02-15,95.23752536387931,96.12714247002079,95.03223082980253,95.74588012695312,4802900
2024-02-16,95.79476796405888,96.2835666682758,94.86605340943726,95.8436508178711,4470000
2024-02-20,95.60903166963175,96.20536669881096,95.09089876643678,95.17888641357422,5591600
2024-02-21,95.54059586428232,96.2151329892029,94.9344827996015,95.97073364257812,5690400
2024-02-22,96.55729196051816,96.90922762135753,96.1467028423643,96.88967895507812,5463200
2024-02-23,96.94833093233844,97.4078028968907,96.54751988268137,97.15362548828125,4581400
2024-02-26,97.30027090837928,97.45669007707731,96.2249152282479,97.00699615478516,4688600
2024-02-27,96.9190075410141,98.48316192000983,96.80169316566077,98.2680892944336,5436200
2024-02-28,98.62002563954775,100.53611569929083,97.73041586038823,98.83509826660156,7555500
2024-02-29,97.79883780712699,97.91615217180093,96.36176853839301,96.91899871826172,10568000
2024-03-01,97.15362845204736,97.32959628514871,95.7165665166087,96.3031234741211,7110400
2024-03-04,95.960952722217,96.43019524054245,95.57968292067399,95.74588012695312,5319400
2024-03-05,95.51125897127321,96.18580353555683,95.1104479325731,95.20820617675781,5982700
2024-03-06,95.0713432269062,95.48193232792903,94.06441913981284,94.24038696289062,6421400
2024-03-07,94.77806669060341,95.35485304562441,93.47786779312065,93.61473083496094,6760100
2024-03-08,93.67338015571134,94.47500970471441,93.62449730358054,93.76136779785156,5372600
2024-03-11,94.17195197381344,94.66075063562066,93.41919785788394,94.3088150024414,4185200
2024-03-12,94.3088322079983,95.26687358317764,94.10353762760272,95.04203033447266,4130900
2024-03-13,95.14955541131255,95.90230211713451,94.98336564565365,95.86319732666016,3919000
2024-03-14,96.29333282331466,96.43997390814168,95.49170334586567,96.42041778564453,5858300
2024-03-15,96.11738607686881,96.42043891570859,95.03225225321262,95.36463928222656,7609900
2024-03-18,95.36462893373456,95.36462893373456,94.00576915039238,94.06442260742188,4780400
2024-03-19,94.28927308534857,96.26402415332267,94.12308330532923,96.21514129638672,5573300
2024-03-20,96.27380005604199,96.66483306884766,95.54060196931641,96.66483306884766,5825800
2024-03-21,96.5866226808439,97.36869609804538,96.33244527747732,96.9581069946289,4962000
2024-03-22,96.6159563543379,97.39802982776399,96.2737987435592,97.25139617919922,5138400
2024-03-25,97.30026181094216,97.35891526448167,95.9414021084544,95.98050689697266,6915400
2024-03-26,96.04894394738561,97.16340437971535,96.00983915661381,97.07542419433594,5256900
2024-03-27,97.83794675664923,99.33366954209923,97.83794675664923,98.81554412841797,5461600
2024-03-28,98.95240983432645,99.75403940247224,98.6298009029019,99.1479263305664,4778100
2024-04-01,98.78623141695901,98.89376773978951,97.13408923754243,97.46646881103516,3731300
2024-04-02,97.1438570463775,97.29049069068833,96.38132480357969,97.24161529541016,4350100
2024-04-03,97.18295700829238,97.47623174081639,94.97358488926037,95.10066986083984,5036200
2024-04-04,95.66768103763559,96.04894342248184,93.43876018515708,93.60494995117188,5660700
2024-04-05,94.00576489294532,95.10066915311499,93.78091422038854,94.64119720458984,5866100
2024-04-08,94.3088324332641,94.79763118541456,94.06443305718888,94.07421112060547,5390200
2024-04-09,94.80739859146685,95.1104513970211,94.14263206493001,94.9247055053711,7992300
2024-04-10,94.44568632774495,94.9247069700229,93.95688762299872,94.12307739257812,3910700
2024-04-11,94.02531713310017,94.34792606136976,92.71533275397952,93.71248626708984,4845100
2024-04-12,92.79354725537014,93.20413639031543,91.81594981494236,92.30474853515625,3951600
2024-04-15,93.19435541139123,93.292113652856,90.86766898876053,90.89700317382812,5194900
2024-04-16,90.92633390593159,91.78661691058508,90.90677778169169,91.28804016113281,4063500
2024-04-17,92.14832993525452,92.14832993525452,90.73080927750419,91.04364013671875,4768400
2024-04-18,91.55200212042459,91.60087751753764,90.44731223530214,90.58418273925781,3290800
2024-04-19,90.93610665869483,91.29782038092061,90.28111819222424,91.26849365234375,6043900
2024-04-22,92.0212493619826,92.49049944051026,91.22939777909895,91.97237396240234,4114500
2024-04-23,92.35363072884964,92.54914723214368,91.3955819623652,92.3829574584961,5843600
2024-04-24,91.97237095408401,93.35077949618325,91.72797158874587,93.1454849243164,6897000
2024-04-25,95.16910699668283,95.29619943424217,92.35362912244796,94.25994110107422,6248700
2024-04-26,94.47501239530344,95.68723108621461,94.1328547960716,94.20128631591797,3748400
2024-04-29,93.91777321166728,94.1328458130821,92.50026009648866,92.74465942382812,4631000
2024-04-30,92.49049443315852,92.7837766486699,91.94304225324562,91.98213958740234,5117000
2024-05-01,91.4640156271809,92.3047500362997,91.29782584963982,91.71819305419922,5363900
2024-05-02,93.36055423115867,93.43876381531337,92.20698896954457,92.78377532958984,6314400
2024-05-03,93.13569789419681,93.36054857038897,92.39272926520535,92.97928619384766,5893900
2024-05-06,93.28234695966086,95.47217061942364,93.24324216661402,95.2668685913086,6229600
2024-05-07,95.41350275503841,96.06849120932087,95.29619584291385,95.72633361816406,4749300
2024-05-08,95.6090349782055,96.35200368086359,95.28642602499839,96.29335021972656,5814400
2024-05-09,96.48886606130827,97.06565243957807,96.34223240948066,96.69416809082031,6000600
2024-05-10,97.04608364719725,97.34914389119774,96.35199043805862,96.59638977050781,2906000
2024-05-13,96.85058113646612,97.37848466572977,96.36178240105274,96.53775024414062,4146600
2024-05-14,96.80169479006875,97.08519894140609,95.88275827238127,96.82125091552734,5709600
2024-05-15,96.65932480790359,97.49343931141925,96.36492793051048,96.63970184326172,4246800
2024-05-16,96.97334237341592,97.60138204274215,96.89483554304428,97.07147216796875,3592000
2024-05-17,97.35605094814343,98.50418523295568,96.86539450299394,98.4158706665039,6467500
2024-05-20,97.68970594532108,98.0233487504725,95.89390147244542,95.96259307861328,7054100
2024-05-21,96.56119878601687,96.89484160573716,95.70745379765938,95.87427520751953,7664700
2024-05-22,100.19205207951366,103.01823820606039,98.90653449306699,99.2303695678711,14857300
2024-05-23,97.79765831361678,99.1027989288434,97.36587819280021,98.28831481933594,7430400
2024-05-24,99.004666748545,100.65327286766099,98.81821488506361,100.23130798339844,5625200
2024-05-28,100.09392069190831,101.05561067511141,99.43644281361287,99.5247573852539,5090300
2024-05-29,99.18130693301838,100.08411311732128,99.12243054742339,99.54439544677734,5367100
2024-05-30,100.08409976263567,102.35093763428303,99.89765540418826,101.43831634521484,9088700
2024-05-31,101.51682076396028,102.32149707620437,100.97710313843936,101.1733627319336,26987100
2024-06-03,101.76216017300867,103.69534807717294,101.76216017300867,103.46965026855469,7160100
2024-06-04,103.10656337505432,103.9701161764529,102.30188696173477,103.89161682128906,5068200
2024-06-05,104.07805908684416,105.80517214119219,103.55796437123622,105.7757339477539,5377000
2024-06-06,105.78553816789344,105.93272911977013,104.51964357398869,104.93179321289062,9229900
2024-06-07,105.39302044530375,106.55097011496822,105.11825399603154,105.4322738647461,8043300
2024-06-10,105.25563014896598,105.51076612796335,104.38226221381844,105.31450653076172,4502700
2024-06-11,105.29488480252836,105.39301460228177,104.82385128215866,105.07899475097656,4010400
2024-06-12,105.12805957097778,105.6481617527608,104.19581521059753,105.08880615234375,4297700
2024-06-13,105.13787286487735,106.43320570869585,104.89254461804185,106.23694610595703,5636600
2024-06-14,105.92292501501876,106.78647773855899,105.82478772796914,106.47245788574219,3698700
2024-06-17,106.07993776373985,108.5135973888171,106.07993776373985,108.16032409667969,5444900
2024-06-18,108.14069345840454,108.64116520254746,107.67948262090344,108.19957733154297,4869000
2024-06-20,108.01312476364164,109.25938901581996,107.6794819275775,108.31732940673828,7622200
2024-06-21,108.11124771940949,109.033684303677,107.84629651266444,108.93555450439453,9206200
2024-06-24,109.03368412136409,109.48508718676769,108.70984904613202,108.97480773925781,4657500
2024-06-25,109.0435088167654,109.28883707927778,107.89536685822084,108.60191345214844,3931100
2024-06-26,108.20938363763989,109.70098362364496,108.07200041351102,108.4743423461914,5966800
2024-06-27,108.44489270301132,108.75891253740991,107.77759961906135,108.48414611816406,3377500
2024-06-28,108.27806977975807,108.68041169211311,107.73835213703826,108.04255676269531,12781400
2024-07-01,108.59209478460188,109.18088105801752,107.51264454871227,108.51358795166016,4546500
2024-07-02,108.29770734412014,108.82761728243027,107.83648901891553,108.14069366455078,4955600
2024-07-03,108.24863397174815,109.043502587924,108.1505041697135,108.32714080810547,2277500
2024-07-05,108.34676129369838,109.63227880179166,108.34676129369838,109.55377197265625,4408800
2024-07-08,109.78929358165188,110.18182027128303,109.07293929838708,110.11312866210938,5074700
2024-07-09,110.19163584329029,110.50565569861615,109.67154115979658,110.05425262451172,4328600
2024-07-10,110.63321959361815,110.85892486572266,109.55377684884236,110.85892486572266,4240700
2024-07-11,110.81967048049998,111.88929799013928,110.3290140110896,111.81079864501953,3520800
2024-07-12,112.17387786811477,113.19444420677901,111.88929622193523,112.16407012939453,3866000
2024-07-15,112.15426106231979,112.3014595062642,111.16313285903965,111.6832275390625,5555500
2024-07-16,111.84024654442207,113.08651079071335,111.79117789849184,112.87062072753906,3660000
2024-07-17,112.70379319755185,112.99819008351754,111.7519184179964,111.84024047851562,5012600
2024-07-18,111.69305439322231,112.15427273841321,109.90706488826106,110.91781616210938,7285200
2024-07-19,111.33976449309098,111.3986408732945,109.50470661290481,109.6617202758789,5721900
2024-07-22,110.20143819835035,111.46732521112747,110.00517113242995,111.09442901611328,4764600
2024-07-23,111.19257681854869,111.85986997713158,110.986501981066,111.30052185058594,3203100
2024-07-24,110.94724809112593,111.02575492987911,109.07294410854485,109.17107391357422,4755500
2024-07-25,109.54397000334461,110.49584483303478,109.11219736449719,109.1906967163086,3570800
2024-07-26,109.67154276460556,110.4173352526526,109.42621451507914,109.740234375,4958700
2024-07-29,109.72060399604402,110.86874589458442,109.1023795020792,110.45658874511719,2579800
2024-07-30,110.65284484959494,111.24163109302464,110.54489983150344,111.12387084960938,3104600
2024-07-31,111.57528262660203,111.7028581053353,110.82949015368327,110.90798950195312,4360400
2024-08-01,111.66360161877435,111.83042302364561,110.59396660878636,111.5360336303711,3131400
2024-08-02,110.957057597881,112.05613082329621,109.53415678124445,111.02574920654297,3369800
2024-08-05,109.47527509795776,110.38789648087622,105.81498182686768,106.85517120361328,8563600
2024-08-06,107.23788014979073,108.48415181415032,106.53133361359062,107.3654556274414,5045200
2024-08-07,107.84630433717777,108.95518537448687,105.74629503551225,105.91311645507812,4856500
2024-08-08,106.48227361114117,107.97386604730951,106.24675310530624,107.86592102050781,5158700
2024-08-09,107.63040411706494,108.92573690511225,107.43414452277617,108.63134002685547,7202100
2024-08-12,108.9944213398161,109.46545481666757,108.10143051169148,109.30844116210938,4437100
2024-08-13,109.26920097188211,109.63228947687044,108.36639480938709,108.96499633789062,4675500
2024-08-14,106.20751140725365,108.25845202457569,105.69722444443173,107.0416259765625,7077800
2024-08-15,108.8780832946058,110.00063867892813,108.55313107476215,109.77416229248047,5625500
2024-08-16,109.7347720743668,110.24681184335668,109.2621136230559,109.74461364746094,4656300
2024-08-19,110.15819156330508,110.97548536877703,110.09910456204543,110.7686996459961,7163100
2024-08-20,111.31028378231723,111.75339496069951,110.64068871572003,111.5761489868164,6750600
2024-08-21,118.05546512804436,119.04016331579193,116.1057669233887,118.39026641845703,11343400
2024-08-22,117.19876780541723,119.20755288662279,116.92305353179793,117.1790771484375,7843800
2024-08-23,118.29178836460312,118.69551822005832,116.65719331026587,117.64189147949219,4523900
2024-08-26,117.83882594583386,118.80383343953329,117.83882594583386,118.29178619384766,3939600
2024-08-27,117.66159216923889,118.6856792540669,117.366187200875,118.22286987304688,4680000
2024-08-28,118.65613650731841,119.27649368657815,117.30709723002515,117.45480346679688,3906100
2024-08-29,117.47449580179274,118.10470203556616,115.43617087103947,115.57402801513672,5055000
2024-08-30,115.70203931307992,115.88913437644305,114.47116655443014,115.47555541992188,6369600
2024-09-03,116.05652002633701,116.42086103215851,114.8748852975571,115.74141693115234,5657500
2024-09-04,115.29831255235833,116.0171455683669,114.79612186239135,115.72173309326172,5540400
2024-09-05,115.82020718732306,116.33224695547732,114.67795364756563,116.20423889160156,5387800
2024-09-06,115.88913213839533,116.33224331789145,113.6440214719998,113.8508071899414,4827100
2024-09-09,114.22498352677707,115.92851460390646,114.12651521592203,115.27861022949219,5752200
2024-09-10,115.65280266701839,116.59811956716972,115.06198523891221,116.02699279785156,5160200
2024-09-11,116.12545429156633,116.12545429156633,114.59916913873919,116.04667663574219,3561200
2024-09-12,116.01713760270249,116.71627239895454,115.83989163233925,116.41101837158203,3287300
2024-09-13,116.99198640676721,118.17362871061202,116.55872432340982,117.9766845703125,3961000
2024-09-16,118.51827062608362,118.90230230581084,117.65173895358518,117.77974700927734,3392200
2024-09-17,117.7009693749534,118.40010416413767,115.67249357780885,116.03682708740234,3880100
2024-09-18,115.76111799059535,116.60795904362678,115.2687688905841,115.45586395263672,3183300
2024-09-19,116.70642632808783,116.92306113219944,115.94821202634822,116.47994995117188,3186800
2024-09-20,115.95806087452853,116.68673543106209,115.7512751562954,116.12545776367188,7024800
2024-09-23,116.71627118111076,116.7458109237546,114.65825564198146,115.33769226074219,3511600
2024-09-24,115.43617525609952,115.95806410895703,114.51055652829868,115.84974670410156,3354400
2024-09-25,116.09591894644724,116.35194258124838,115.31800646918107,116.32239532470703,3743100
2024-09-26,116.68673427416275,117.03137713446765,115.71188517997149,116.27316284179688,3797900
2024-09-27,115.99745409901828,116.2337795698609,115.50510498571626,115.70204162597656,2998100
2024-09-30,115.76110758781684,116.05652002633701,114.75671881961895,115.74141693115234,5350400
2024-10-01,115.70205049136467,115.731590238402,113.94928871573255,114.85520935058594,7888700
2024-10-02,114.22499487988665,114.84535206131778,113.64402652924262,114.66810607910156,4315500
2024-10-03,113.73263941382696,114.07728227315687,112.49191760758842,113.29936981201172,4851700
2024-10-04,113.34861479193842,113.77203533483956,112.14728173939791,112.93504333496094,6480000
2024-10-07,112.56085763210962,112.88580986653375,109.51814356246088,110.41421508789062,6345200
2024-10-08,111.07395671544784,111.82232191644468,110.17787777359128,111.71400451660156,6289400
2024-10-09,111.68446479433359,112.48207542175004,111.45798842200178,112.23590087890625,3970800
2024-10-10,111.98973515663305,112.07835439296426,110.50283869720292,110.86717224121094,3453100
2024-10-11,110.90655679281387,112.13742955647996,110.63084249577686,111.98973083496094,3865500
2024-10-14,112.27529047545056,113.5947900289909,111.91095693326702,113.47662353515625,4697500
2024-10-15,114.0575885738388,115.86942956466086,113.77202520867975,114.97335815429688,7378400
2024-10-16,114.52040252408361,115.70203734725045,114.2643788910921,115.60356903076172,4688700
2024-10-17,116.26331850225573,116.74581852637793,115.41647743228135,115.6823501586914,2934400
2024-10-18,116.05652733451831,116.33224162108556,115.34754344754487,115.90882110595703,3478100
2024-10-21,115.76111057457658,115.82019757139535,113.11227769481133,113.89019012451172,4495600
2024-10-22,114.06743888899832,114.18560538066784,112.93504193926667,113.4273910522461,3900300
2024-10-23,112.86610978432783,113.43722902765555,112.38360225980216,112.47222900390625,4156400
2024-10-24,113.08274381780403,113.624330862251,112.34422012773169,112.4525375366211,2847600
2024-10-25,112.81686988549983,113.05319534453628,111.8321717080886,112.0783462524414,2686900
2024-10-28,112.90549640669576,113.2402901802868,111.920798231215,112.42298889160156,2798900
2024-10-29,111.42844661989109,113.21074787309819,111.05425651358635,112.36390686035156,3576500
2024-10-30,112.35406121264812,112.39345004149845,110.7686965365139,111.2216567993164,3763700
2024-10-31,110.63084284121494,111.8223267786459,110.32558879892098,111.3004379272461,3874200
2024-11-01,111.57615525865643,112.13743295539459,110.6603855942256,110.67023468017578,5067400
2024-11-04,111.01486760706483,111.79278004904221,110.02032788216843,110.96563720703125,4006800
2024-11-05,110.83762146914889,112.07834324291343,110.72930407153012,112.00941467285156,2962800
2024-11-06,114.3628549528316,115.16045813685453,112.33437894771082,113.86065673828125,11891300
2024-11-07,114.01820353105737,115.78081418045419,113.75233081451627,115.06198120117188,6897600
2024-11-08,114.72719145095749,116.79505620565472,114.68780262073025,116.02699279785156,5785700
2024-11-11,116.40116233431206,117.15938408383421,115.88912262420585,116.25345611572266,3537200
2024-11-12,116.85413098369678,118.1834720215061,115.9777502062628,118.01607513427734,3943200
2024-11-13,118.07516377454775,120.054401730785,118.0554656036289,119.2764892578125,4511000
2024-11-14,118.70853196466629,120.605021924989,118.44184112548828,118.44184112548828,5581000
2024-11-15,118.26403928266798,119.1332619238518,117.87880747670943,118.5010986328125,5103300
2024-11-18,118.54061394838077,119.48885891827996,117.99734506855152,118.20477294921875,5134500
2024-11-19,117.90845419789028,118.43196375100916,116.58485703975786,118.09612274169922,5794500
2024-11-20,117.9775958312981,119.22216314240538,115.32052940187369,118.27391815185547,8991000
2024-11-21,118.40232472819369,118.44183587594686,116.3379105899804,118.30354309082031,5204300
2024-11-22,118.77767858511193,120.21980167858429,117.60224633978262,119.98274230957031,6398500
2024-11-25,120.44698903057473,123.89425593231327,120.3679667288317,123.26209259033203,8925200
2024-11-26,123.50903008620847,124.89189020548605,122.90649823092309,124.65482330322266,4725000
2024-11-27,124.75360325416659,126.43278567451371,124.62519013318789,124.8128662109375,4491100
2024-11-29,124.59555688253528,125.0104126459933,124.15106964111328,124.15106964111328,2846700
2024-12-02,124.84249908212708,126.05744246135437,124.52641741585369,124.64495086669922,4818800
2024-12-03,125.04004765837594,125.24748308194955,122.72870188007852,123.22257995605469,3916000
2024-12-04,123.23246432420663,124.20046116986202,122.62993244567387,123.9634017944336,4785500
2024-12-05,124.03254459184069,125.25736015850124,123.71646291218694,124.37825775146484,4768000
2024-12-06,124.8918861368514,125.58331240597474,124.1411893761024,124.5461654663086,4064400
2024-12-09,124.85238334172331,125.17834469154081,123.98315307554329,124.35850524902344,6245800
2024-12-10,124.61531836998927,125.84013387479537,123.41025467217204,125.642578125,6186000
2024-12-11,125.75122515093031,126.3438848325111,125.02028775588983,125.2573471069336,5440600
2024-12-12,125.38576876857528,125.49442254853963,124.30911064055978,124.87213134765625,4727700
2024-12-13,124.88200657618093,125.29686233802234,123.30159829108429,123.32135009765625,4595400
2024-12-16,123.67694712515,123.87450287751828,121.85947941925023,122.20519256591797,6990500
2024-12-17,122.70895654812617,123.44977370118276,121.39523898807018,121.55327606201172,6813000
2024-12-18,121.76069798940254,122.79784496721278,119.67653943411375,119.75555419921875,5808500
2024-12-19,120.91124083567452,121.77058391216427,119.52838063959847,119.71604919433594,7979800
2024-12-20,119.61725887228243,122.0273861006908,119.51848477222882,120.50624084472656,11714000
2024-12-23,120.05187305954558,120.63464552069827,118.82705764886585,120.279052734375,5436900
2024-12-24,120.49637023539908,121.9780044555664,120.26919054178965,121.9780044555664,1476100
2024-12-26,121.9384883544928,123.6967005545963,121.88910507074773,123.4793930053711,2892800
2024-12-27,122.40274126704578,123.23246035831562,122.17556157089933,122.42250061035156,3471500
2024-12-30,120.71367328404547,121.13840871273285,119.13326501543462,119.60738372802734,3976600
2024-12-31,120.39759662785521,120.39759662785521,118.87645125118262,119.33081817626953,3600100
2025-01-02,120.21979751467525,120.64453295143753,119.27155253548109,119.66665649414062,3424400
2025-01-03,120.06176025986832,120.29881962029062,118.55048705522555,119.25180053710938,3897200
2025-01-06,119.26167049712262,120.22967479982735,118.88632588863523,119.39995574951172,5963400
2025-01-07,119.60739461121561,120.27906912848914,118.56037545098812,118.66902923583984,4500100
2025-01-08,118.69865529502056,120.51613053827718,118.04674015166538,120.16053771972656,5219200
2025-01-10,119.99262346322931,120.79270355352119,118.28380196452783,118.59000396728516,4355200
2025-01-13,118.58999772594113,118.72828298029438,116.4465687474845,118.42208099365234,4603700
2025-01-14,119.02461174001577,119.12338584422206,117.23677558514443,117.78003692626953,4652500
2025-01-15,118.86657004606688,118.94559234575331,117.01947089077979,117.6516342163086,4906300
2025-01-16,118.08624897506549,120.20004650147047,117.77016731324738,119.89383697509766,3840100
2025-01-17,121.07914326412356,121.33595442149701,119.98273340185862,120.35807800292969,4752400
2025-01-21,122.16568888676393,122.96576900883733,121.20756415313033,121.79034423828125,4859700
2025-01-22,121.89898633208925,121.97800109430834,119.86420360132983,121.06926727294922,4256800
2025-01-23,121.0001257356594,121.56314642743914,120.71367555408989,121.0988998413086,3821400
2025-01-24,121.06926558646518,121.96812726001406,120.81244688888249,121.22731018066406,4470300
2025-01-27,121.59278625948198,123.7856062210638,121.5335232992171,123.3707504272461,4734000
2025-01-28,123.08429481698212,123.91400636815538,122.18543310056305,122.81759643554688,3350800
2025-01-29,122.75832872277756,123.76584417986861,122.48175821643291,122.6891860961914,3930500
2025-01-30,123.30159818188659,124.93139728594147,123.08429062988179,124.5461654663086,4334300
2025-01-31,124.37825434252171,124.67458420606732,123.09417585111422,123.26209259033203,3268400
2025-02-03,122.44225833184666,123.77572770210126,121.59278739222157,122.78797149658203,5635800
2025-02-04,122.78797151478298,123.85475002553751,122.73858822608877,123.6078109741211,5804900
2025-02-05,123.6078093560859,124.02266514839934,122.4126252671933,123.97328186035156,4381500
2025-02-06,124.39801074168052,125.91915610231443,124.25972548489392,124.61531829833984,4769200
2025-02-07,124.55604705023696,125.24748086595895,122.92624792115518,123.16331481933594,3216700
2025-02-10,123.58804529250776,124.12143448800961,122.06690000222046,123.43988037109375,3765000
2025-02-11,122.9460068701602,123.29172000892315,122.40273798354612,123.15343475341797,2571300
2025-02-12,122.3138412839961,123.02502689112802,122.08665406216964,122.8867416381836,3453300
2025-02-13,123.3474357201527,124.95244121935349,123.07993858300178,124.6849365234375,2885700
2025-02-14,125.37845888346284,125.57660434808005,122.20807853823261,123.18891143798828,4192900
2025-02-18,122.87187545210453,123.1988222750513,121.09845311645645,122.68363952636719,5121300
2025-02-19,122.77280654368738,122.85206775634352,121.86132527443752,122.27743530273438,3678700
2025-02-20,121.9504816708781,122.23779788166483,120.82103590917293,121.84150695800781,4662900
2025-02-21,121.7919739569698,121.93067730013847,119.55289382490143,119.98882293701172,5692800
2025-02-24,120.41484117276856,121.3758625817575,120.15724601312616,120.34548950195312,5293000
2025-02-25,120.39502571620834,122.23780737767588,120.37521419199238,121.56410217285156,6373500
2025-02-26,124.71465860617715,126.39892532968271,121.86132303195035,123.73382568359375,7545100
2025-02-27,124.83354445093906,125.28928505537483,122.00993007630173,122.3467788696289,5259600
2025-02-28,122.455768969939,123.74373721695805,122.20808335003267,123.60503387451172,6043200
2025-03-03,123.27809202491461,124.82364793679515,121.92077205181083,122.39633178710938,4817500
2025-03-04,121.653266299249,122.0594667730466,120.11761247878961,120.61298370361328,6264200
2025-03-05,120.21668093111757,122.08919104833528,120.07797759780732,121.90094757080078,6704900
2025-03-06,120.43465277588317,121.68299041015008,119.03770981746025,119.5330810546875,4834100
2025-03-07,118.89900262800168,119.46372551781492,116.16455137054365,118.16584777832031,6230100
2025-03-10,117.68038417070312,118.68103613758586,115.90695432081257,116.5212173461914,5952200
2025-03-11,116.37261237010483,116.52122525587096,114.65863208939619,115.0450210571289,6518900
2025-03-12,116.31316666943027,116.31316666943027,113.7966799063265,114.27223205566406,4063700
2025-03-13,113.90566287898802,113.90566287898802,111.0622292715865,111.76565551757812,6018600
2025-03-14,112.50870500240813,112.94463407906184,111.2603750154238,112.21148681640625,6411000
2025-03-17,112.83565857747058,114.01464452798834,112.33037780456795,113.45982360839844,4358400
2025-03-18,113.4994536489301,114.45056550222245,113.08334363038317,114.19297790527344,5874100
2025-03-19,114.65862694450962,117.17510611316604,114.24250937128313,116.76890563964844,6838200
2025-03-20,116.21409548979894,116.88780067601212,114.92612724714382,115.17381286621094,6841300
2025-03-21,114.27223556289812,115.22335500829519,112.92483272591055,115.0450210571289,7150700
2025-03-24,115.91686894237388,118.59187058676875,115.89705741883871,118.4927978515625,4315200
2025-03-25,118.49279595906573,119.61233976943478,118.30456003280979,118.77020263671875,4134700
2025-03-26,118.76030513710502,119.41419125071594,118.22530328482408,118.59187316894531,3004700
2025-03-27,118.70084530013794,120.21667997263178,118.28473530352487,119.45381164550781,4003400
2025-03-28,118.90890299871859,119.15658860596025,116.12491919212711,117.11566162109375,3742300
2025-03-31,116.55094714522251,121.01919793859076,116.37261319279551,120.67243957519531,6828800
2025-04-01,120.31575902321684,121.7424229339021,120.1275155491187,121.58390808105469,4781900
2025-04-02,120.87057712067153,124.29854504015681,120.68233363913784,123.77345275878906,5002000
2025-04-03,122.6440122861207,126.81503721238238,121.99011862228703,124.26882934570312,11388100
2025-04-04,124.20938862423823,127.14198548597577,120.67243823923138,121.02910614013672,12964000
2025-04-07,118.92872464374271,122.84215429900985,115.29270166516342,118.02714538574219,12898300
2025-04-08,121.22724734604776,123.71401302347599,117.49214405940546,118.91881561279297,10926000
2025-04-09,118.64141403212976,127.79588014798472,118.64141403212976,124.88309478759766,12134400
2025-04-10,124.80382622220483,127.24104415578077,122.66381892623825,126.2899398803711,7583200
2025-04-11,125.35864791499422,127.82560219410095,124.73448285816536,126.9636459350586,6935500
2025-04-14,128.06336951892857,129.98541237889708,127.43921202671903,129.39097595214844,7093500
2025-04-15,129.30178875319845,130.08448373663404,127.10233935504401,127.3104019165039,5020900
2025-04-16,127.53827335830721,128.0732827555252,124.36790049202929,125.14067840576172,5569600
2025-04-17,125.5964157358164,126.79522073938429,125.01188132468945,126.43855285644531,5555200
2025-04-21,126.05216547085486,126.3493836711417,121.118264734937,122.8322525024414,4946600
2025-04-22,123.44650183007484,125.58650904751421,122.85205790037435,124.54622650146484,4989300
2025-04-23,126.01253774259759,126.92401900497707,123.65456581582497,124.33818054199219,5612900
2025-04-24,123.53567706234017,125.85401073997848,122.77280115186726,125.32891845703125,4626200
2025-04-25,124.92271652106258,125.59642171437602,123.9617026583167,125.38836669921875,4205800
2025-04-28,125.59641135313974,126.606972839125,124.94252529641224,125.95307922363281,3573200
2025-04-29,125.72522081141,127.02309858559057,124.96234487747128,126.84475708007812,3886700
2025-04-30,126.7952222505981,127.67697486884009,125.34873161990282,127.48873138427734,5685800
2025-05-01,126.6763298992515,127.58781113653993,126.16113959381715,126.44845581054688,4585300
2025-05-02,127.80577715366972,128.57855506194068,127.04290122767348,128.0138397216797,4720700
2025-05-05,128.01384259334424,128.68754022386025,127.60763454801697,127.746337890625,4869600
2025-05-06,126.44844927976412,127.67696773434457,126.29984396737646,127.2707748413086,3472100
2025-05-07,126.91411861880803,128.6974430012022,126.91411861880803,127.45901489257812,5967700
2025-05-08,127.87513618538301,129.06402411031397,126.54753736240387,126.9041976928711,4443600
2025-05-09,126.37909891122324,127.1617938779077,125.78465497927897,126.91410827636719,4131100
2025-05-12,129.10365159510124,130.32226062623306,127.43921146648519,130.27273559570312,4810500
2025-05-13,130.4609564756786,131.24365146449313,129.16308630571484,129.6089324951172,5471800
2025-05-14,129.29190098353794,130.3024626034445,128.7965297154018,130.0349578857422,5763100
2025-05-15,130.34803728431365,132.37571093200452,130.11943051438817,132.23655700683594,4846400
2025-05-16,132.19681641275403,133.0913752691912,131.67995243275126,132.53475952148438,4874400
2025-05-19,132.27633289877065,134.47297823535897,131.74953477732777,134.2145538330078,5118900
2025-05-20,134.0555228443241,135.02961559973085,133.4492059931595,134.1151580810547,7061100
2025-05-21,130.35797896265814,132.19681287761225,129.17517811373182,130.23870849609375,12025600
2025-05-22,129.60257608794248,130.5667194854426,128.34024135273197,128.79747009277344,5341800
2025-05-23,127.22700065247409,127.34627111226087,124.16559912927708,124.94088745117188,8787100
2025-05-27,125.87522001764611,127.46556367905067,125.59691215189649,127.18724822998047,7198200
2025-05-28,126.81947773103411,127.65440131379806,125.30866037889535,125.45775604248047,4344800
2025-05-29,126.58092779186492,127.15742697345543,125.9348516458287,126.30261993408203,6410900
2025-05-30,126.38214198205237,126.52129591463293,125.4378744871751,126.13365173339844,9364900
2025-06-02,125.48757599098373,127.68423646977179,125.11980769174741,127.65440368652344,6271000
2025-06-03,127.46556095996738,127.62458318940264,126.06407234449816,127.34627532958984,5132600
2025-06-04,127.44568079593607,128.2905537136705,126.77972874508335,127.29659271240234,4437200
2025-06-05,127.28664275007407,127.41586253290866,125.76588363917917,126.60081481933594,4693600
2025-06-06,127.16737884383244,128.01223663422238,126.53124438009802,127.6742935180664,4612900
2025-06-09,127.2369387407244,127.30652328884769,124.98065066784218,125.58696746826172,4754800
2025-06-10,124.94088844483076,125.81557893459788,124.70233994003985,125.27883911132812,4684800
2025-06-11,125.4478087767657,125.4478087767657,123.54934733302522,123.7779541015625,4145800
2025-06-12,123.71833101588842,124.18549391482433,122.81382283568128,123.70838928222656,4087600
2025-06-13,122.754177387389,124.21530119796286,122.50568714976272,123.16170501708984,3786600
2025-06-16,123.80777320540558,124.56318564890522,123.33067619722071,123.51952362060547,4930200
2025-06-17,122.72436439396446,123.84753758033837,121.97889365301141,122.26714324951172,4264600
2025-06-18,122.70448071772392,122.75418180036401,121.67076796535869,121.79998016357422,4924800
2025-06-20,122.3069015009751,123.0324887689957,121.76021992918933,122.75418090820312,6729700
2025-06-23,122.70448247085297,124.21530743817964,121.97889518719212,124.00657653808594,4072700
2025-06-24,124.19541899924914,124.79180164229233,123.43007239621353,123.8475341796875,4546200
2025-06-25,123.7381972474197,123.99662921922231,121.71051598786444,121.74034118652344,4669700
2025-06-26,122.02858219332468,122.02858219332468,119.17591912719814,121.40238952636719,8415100
2025-06-27,121.2433636490791,123.04243059580133,120.90541297263044,122.63490295410156,9786300
2025-06-30,123.24121263890962,123.24121263890962,121.52166448990246,122.74423217773438,6228000
2025-07-01,122.92315222988505,124.89119830139497,122.41623759150559,124.40415954589844,5126200
2025-07-02,124.63276424127739,124.87131274848846,123.55928458384707,124.5532455444336,4790200
2025-07-03,124.5930075853866,125.34842005508698,124.01650839579105,125.09992980957031,2986600
2025-07-07,125.18938903917169,125.4378792973545,123.96682121557194,124.41410064697266,3945000
2025-07-08,124.26499920109019,124.89119947593814,123.4002579961219,124.50355529785156,5683300
2025-07-09,124.76197503441558,125.18937854599857,123.59904254359218,124.69239807128906,3818100
2025-07-10,124.26499383181132,124.61288622872635,123.24121527323786,123.41019439697266,5051100
2025-07-11,122.98279697969974,123.42013465988761,122.62497041561475,122.9629135131836,4145900
2025-07-14,122.40629221067962,122.94303203236923,121.78009196038164,122.81381225585938,4651200
2025-07-15,122.44605447688217,123.0424295429775,120.98493063579035,121.00480651855469,4720500
2025-07-16,121.39244529219975,121.55148268052345,119.11627385922723,120.61715698242188,6151800
2025-07-17,120.31898136951943,121.65088546162384,120.26928028648605,121.43221282958984,3828200
2025-07-18,121.56143261214842,122.07828899242104,121.26324128058924,121.43221282958984,3464300
2025-07-21,121.75027691685413,124.41409261595552,121.56142948948363,124.18548583984375,4721900
2025-07-22,124.32464294839899,125.6664887736228,123.4797776201707,124.84149932861328,4284900
2025-07-23,125.42793702471069,126.27280233115732,125.16950504960595,125.59690856933594,4367500
2025-07-24,125.30866542640761,125.95474160575387,124.64271336333229,125.49752044677734,4722800
2025-07-25,125.99449696136018,126.25292135824768,125.19932513763735,125.67642974853516,5143200
2025-07-28,125.57702662166903,126.36225670617053,124.09602688422721,124.63276672363281,6114400
2025-07-29,125.33847596364227,126.23304234733469,124.74210090228743,125.60684967041016,5543300
2025-07-30,125.86527965645448,126.31256665984577,124.52343381292191,125.05023193359375,3193300
2025-07-31,124.18548172516738,125.01046353842293,123.6288584445529,123.7779541015625,4653000
2025-08-01,123.36049670804503,125.46769669639927,123.0324877676432,125.23908233642578,4855400
2025-08-04,125.65655744236646,128.4396514892578,125.53728696653934,128.4396514892578,4807800
2025-08-05,128.4495688888197,129.0658349890577,127.70409817883278,127.99235534667969,5178400
2025-08-06,128.1315082720351,131.36188132342085,127.85320042247771,131.30224609375,4839400
2025-08-07,131.90857058745252,132.08747628692782,130.1890071426314,131.18296813964844,6154800
2025-08-08,131.28236384392773,131.9483158591522,130.56671074797057,130.57664489746094,4629700
2025-08-11,130.99411651904703,131.65013443407676,130.0896235149635,131.60043334960938,3304200
2025-08-12,132.0079430040916,132.85281582487843,131.53084602488846,132.58444213867188,4284500
2025-08-13,132.54470564034347,133.41938100850356,132.35585062336216,133.29017639160156,5593800
2025-08-14,132.63706652945038,133.6242067817642,132.32796139125668,132.5672607421875,3763200
2025-08-15,132.7467464912637,133.22536039364135,131.62996043256703,132.2382049560547,4796100
2025-08-18,132.54731029665174,133.7438678767991,132.24818611647655,132.67694091796875,6225500
2025-08-19,132.95613846124158,134.58145090194796,132.95613846124158,134.23245239257812,6727300
2025-08-20,143.12676584599788,145.16090155026,137.36340670869117,137.8719482421875,13223200
2025-08-21,136.06715547356376,138.360521890212,135.9275591245951,137.11412048339844,7054300
2025-08-22,137.5728027406093,138.97874717747723,135.5287013927664,136.14691162109375,5776700
2025-08-25,135.7181535372459,136.6753964878385,134.97031271220374,135.1099090576172,4734400
2025-08-26,135.27942737736123,136.34635433294093,134.3620777262751,136.28651428222656,6531600
2025-08-27,136.28651074739307,137.10415738913804,135.82784354117715,136.83493041992188,4522000
2025-08-28,137.15402025985458,137.50300354115865,135.9076187947793,136.72525024414062,5138900
2025-08-29,136.87482419003172,137.0842111107036,135.50875787172583,136.2167205810547,4118600
2025-09-02,135.80789413149267,138.20099395951874,135.80789413149267,138.17108154296875,5282500
2025-09-03,138.17107853860375,139.17816537523117,137.99158882834567,139.0684814453125,4798900
2025-09-04,139.46733047845214,140.69380044850274,139.30780265763613,140.61402893066406,4172500
2025-09-05,141.01287040634222,141.09264192367252,138.53003327959328,138.8590850830078,6735800
2025-09-08,138.82917412704847,140.59408283126166,138.74940260887857,140.43453979492188,4801400
2025-09-09,139.37759166824952,140.1254325229074,138.65966323058905,139.56704711914062,3453300
2025-09-10,139.15822755046264,139.6368414501805,138.31068368792705,139.45736694335938,3573600
2025-09-11,139.97587432338645,140.84336487011393,139.38756127143066,140.42457580566406,5197900
2025-09-12,140.11547526151452,140.94308768316418,138.5001285716694,139.07846069335938,5173200
2025-09-15,139.39754442907397,140.8334013669997,139.0684926128942,140.7635955810547,4186600
2025-09-16,140.26502517259593,140.7037608967958,138.43032597581518,139.14825439453125,3786300
2025-09-17,139.58699693410585,140.48439989388652,138.81920937926856,139.6368408203125,4617100
2025-09-18,139.56705401240558,140.61403430360957,138.96877521318564,139.52716064453125,4794700
2025-09-19,139.78641731974258,140.0157509255036,138.69955891106932,139.37759399414062,7503900
2025-09-22,139.3875626934916,139.3875626934916,138.27079184356506,139.0086669921875,3683200
2025-09-23,139.0485373193203,139.4573606306111,138.50011765964496,139.31776428222656,3308500
2025-09-24,139.1083597689877,141.042777145505,138.59983348319773,140.0356903076172,5027700
2025-09-25,140.46445184945287,141.16244882792068,139.89610070439522,141.05276489257812,4120000
2025-09-26,141.46158097683738,142.80770069421635,141.0427918950636,142.67807006835938,4224400
2025-09-29,142.7777749882696,143.23644218115933,141.63107657632378,143.10682678222656,4260400
2025-09-30,142.8974313388958,144.4130597657961,142.8974313388958,144.12388610839844,6435800
2025-10-01,143.6652112133214,144.70221047216305,143.12675729412885,143.90452575683594,6703800
2025-10-02,143.25639916476885,144.07404584155225,141.7906298021347,142.07980346679688,4449400
2025-10-03,142.07980572681583,142.8376123639268,140.74365175118095,140.9231414794922,2993800
2025-10-06,140.8334015596234,143.2264863161982,140.8334015596234,142.69801330566406,6309600
2025-10-07,142.3290848758892,143.23645360019864,139.7066512638368,142.2493133544922,6700900
2025-10-08,142.30913978804637,142.53847340534642,139.97587981674468,140.304931640625,5158400
2025-10-09,140.32485333621835,141.0627284548767,138.05141836126808,138.16110229492188,3750700
2025-10-10,138.3106853128003,140.663891901779,137.832056192598,139.9758758544922,4261200
2025-10-13,139.82629177049247,141.5014631802698,139.37759030505853,140.9829559326172,4144300
2025-10-14,141.00290704744666,143.94441142981802,140.7536267571633,143.68516540527344,4431800
2025-10-15,143.59541274338432,146.03837175674835,143.59541274338432,144.7421112060547,5397600
2025-10-16,144.84180761998942,144.84180761998942,141.6510230964499,142.13961791992188,3400100
2025-10-17,142.58832520146504,144.04412878267635,142.23932671118123,143.4259033203125,4003100
2025-10-20,143.53558389023266,143.96435388866604,142.13962039155405,142.91737365722656,3321600
2025-10-21,142.76780286612643,143.88458893083535,142.25927654304138,143.49571228027344,3886900
2025-10-22,143.98428625650263,144.20365412407475,142.51851696629853,142.6481475830078,3800000
2025-10-23,142.6481549060322,142.97720672428267,141.680946135228,141.99005126953125,5072500
2025-10-24,142.35898963404605,142.57835750236794,141.4316590607107,141.50146484375,3442600
2025-10-27,142.1396307197971,143.12677097456915,141.6809482712673,142.85755920410156,3775400
2025-10-28,142.40884838734115,143.63530312825534,141.86042871787183,143.6153564453125,3628100
2025-10-29,143.15669720672415,143.42590897455585,140.45449207491572,141.2821044921875,4383300
2025-10-30,141.2023207843091,143.0769133370582,140.9929186569839,141.88035583496094,4168600
2025-10-31,141.26215114537422,141.65102778431807,139.30780221652967,139.73655700683594,4877300
2025-11-03,139.97587066400894,140.32485393449628,138.4203641181859,140.0057830810547,5195700
2025-11-04,139.4075105710406,141.69092660715188,139.35765146877154,141.6410675048828,4473300
2025-11-05,141.3319518012399,145.13098080113636,140.95304091016843,143.2863006591797,6335900
2025-11-06,142.9771987196665,143.61535563649284,141.44163886866158,143.35610961914062,5554600
2025-11-07,143.55553811901007,144.69225566050295,142.92734690415338,144.19369506835938,5638000
2025-11-10,143.69513575786792,146.50700961090934,143.34613725430987,146.29762268066406,4056300
2025-11-11,146.76626083657712,147.1651032006693,145.2007733670504,145.73922729492188,2980000
2025-11-12,146.23779308793317,147.683615728056,144.5127625251263,147.2050018310547,5826500
2025-11-13,146.97000122070312,147.9199981689453,146.25,146.39999389648438,3879200
2025-11-14,146.16000366210938,147.6999969482422,145.42999267578125,146.0800018310547,4774300
2025-11-17,146.16000366210938,147.0,144.75999450683594,145.17999267578125,10612400
2025-11-18,144.25,146.85000610351562,143.82000732421875,145.5800018310547,10007700
2025-11-19,150.5,151.0,144.66000366210938,145.80999755859375,8563300
2025-11-20,146.25,149.22999572753906,145.94000244140625,148.07000732421875,9023900
2025-11-21,149.05999755859375,152.5800018310547,148.82000732421875,151.42999267578125,10087100
2025-11-24,151.5,151.72000122070312,148.5,148.86000061035156,13003600
2025-11-25,148.8699951171875,153.02000427246094,148.41000366210938,152.38999938964844,5639100
2025-11-26,152.99000549316406,154.66000366210938,151.9499969482422,153.1300048828125,4373600
2025-11-28,152.89999389648438,153.05999755859375,151.52000427246094,151.9199981689453,2496200
2025-12-01,151.5,152.74000549316406,150.7100067138672,151.1300048828125,4598200
2025-12-02,151.69000244140625,151.74000549316406,149.41000366210938,150.02000427246094,5336400
2025-12-03,150.3699951171875,150.97999572753906,149.66000366210938,150.05999755859375,4517000
2025-12-04,150.08999633789062,151.30999755859375,150.05999755859375,150.3000030517578,4075400
2025-12-05,150.0800018310547,153.33999633789062,149.9499969482422,153.27999877929688,6075200
2025-12-08,153.25,154.44000244140625,152.8000030517578,153.72000122070312,5633500
2025-12-09,153.52999877929688,154.05999755859375,153.02000427246094,153.67999267578125,5108800
2025-12-10,155.0800018310547,156.39999389648438,154.8699951171875,155.6699981689453,6249200
2025-12-11,156.27999877929688,157.72000122070312,155.2100067138672,155.5800018310547,4444400
2025-12-12,156.08999633789062,157.13999938964844,155.60000610351562,156.13999938964844,4431100
2025-12-15,156.2100067138672,157.33999633789062,155.92999267578125,156.7100067138672,5709900
2025-12-16,157.0399932861328,157.8300018310547,155.00999450683594,155.08999633789062,4658900
2025-12-17,155.55999755859375,155.8699951171875,154.61000061035156,155.66000366210938,3845900
2025-12-18,155.66000366210938,156.9199981689453,154.66000366210938,154.8800048828125,5513100
2025-12-19,155.13999938964844,155.42999267578125,154.14999389648438,154.60000610351562,9330800
2025-12-22,154.52000427246094,156.6300048828125,154.14999389648438,156.5800018310547,3603000
2025-12-23,156.8800048828125,157.16000366210938,155.61000061035156,155.9199981689453,2793900
2025-12-24,155.92999267578125,157.47000122070312,155.9199981689453,157.2899932861328,1402700
2025-12-26,157.0,157.75999450683594,156.69000244140625,157.11000061035156,1290311
